Date,Open,High,Low,Close,Volume,Adj Close
2011-04-08,76.33,76.38,76.24,76.25,11686800,76.25
2011-04-07,76.35,76.42,76.33,76.33,2652000,76.33
2011-04-06,76.30,76.48,76.30,76.38,2855500,76.38
2011-04-05,76.20,76.42,76.20,76.33,2805700,76.33
2011-04-04,76.21,76.39,76.21,76.31,4661100,76.31
2011-04-01,76.04,76.32,76.01,76.01,68544600,76.01
2011-03-31,76.03,76.19,76.02,76.15,6256400,76.15
2011-03-30,76.03,76.10,76.00,76.01,4937700,76.01
2011-03-29,75.95,76.07,75.90,76.04,3512800,76.04
2011-03-28,75.90,76.00,75.86,75.94,1969200,75.94
2011-03-25,75.70,75.99,75.70,75.94,2212100,75.94
2011-03-24,75.65,75.99,75.62,75.97,4032400,75.97
2011-03-23,75.64,75.73,75.50,75.63,7602800,75.63
2011-03-22,75.62,75.70,75.62,75.66,2808200,75.66
2011-03-21,75.65,75.75,75.63,75.66,2808700,75.66
2011-03-18,75.75,75.76,75.58,75.59,4626700,75.59
2011-03-17,75.81,75.81,75.71,75.76,3131900,75.76
2011-03-16,75.75,75.87,75.71,75.72,4054200,75.72
2011-03-15,75.82,75.90,75.73,75.73,5453200,75.73
2011-03-14,75.89,75.99,75.85,75.95,1727400,75.95
2011-03-11,76.00,76.07,75.88,75.99,4178000,75.99
2011-03-10,75.98,76.09,75.96,76.00,4434400,76.00
2011-03-09,75.81,76.09,75.77,76.05,3609500,76.05
2011-03-08,75.80,76.01,75.78,76.00,2989700,76.00
2011-03-07,75.69,75.90,75.67,75.87,4579600,75.87
2011-03-04,75.52,75.65,75.52,75.65,3939200,75.65
2011-03-03,75.50,75.58,75.50,75.55,2975100,75.55
2011-03-02,75.47,75.53,75.46,75.51,4277700,75.51
2011-03-01,75.43,75.53,75.43,75.49,5769600,75.49
2011-02-28,75.39,75.45,75.34,75.45,4362500,75.45
2011-02-25,75.34,75.40,75.31,75.39,6282900,75.39
2011-02-24,75.35,75.40,75.30,75.36,4932900,75.36
2011-02-23,75.29,75.36,75.29,75.35,5670800,75.35
2011-02-22,75.33,75.37,75.26,75.34,5820500,75.34
2011-02-18,75.30,75.41,75.25,75.38,12765900,75.38
2011-02-17,75.25,75.40,75.23,75.29,14174700,75.29
2011-02-16,75.21,75.55,74.45,75.10,49904500,75.10
2011-02-15,71.72,74.49,71.72,74.30,13227500,74.30
2011-02-14,72.31,72.49,71.63,71.77,5894700,71.77
2011-02-11,72.70,73.05,72.49,72.55,4060900,72.55
2011-02-10,72.89,73.03,72.66,72.92,3357200,72.92
2011-02-09,73.80,73.85,72.87,72.91,4647200,72.91
2011-02-08,73.89,74.00,73.78,73.92,2978700,73.92
2011-02-07,74.16,74.35,73.98,74.02,7880200,74.02
2011-02-04,73.27,73.40,73.23,73.40,2605600,73.40
2011-02-03,73.25,73.42,73.23,73.26,1792000,73.26
2011-02-02,73.17,73.68,73.17,73.36,2946800,73.36
2011-02-01,73.20,74.95,71.86,73.57,14117300,73.57
2011-01-31,72.02,73.46,71.52,73.35,9586000,73.35
2011-01-28,71.37,71.66,70.92,71.10,1970700,71.10
2011-01-27,71.51,71.74,71.26,71.28,2066200,71.28
2011-01-26,71.10,71.61,71.10,71.43,2345700,71.43
2011-01-25,71.24,71.37,70.86,71.01,2403600,71.01
2011-01-24,71.51,71.86,71.26,71.35,1722400,71.35
2011-01-21,71.78,72.17,71.26,71.58,4034900,71.58
2011-01-20,71.96,72.07,71.80,71.85,1904400,71.85
2011-01-19,71.63,72.04,71.60,71.95,1623600,71.95
2011-01-18,72.07,72.35,71.86,72.04,2116800,72.04
2011-01-14,72.26,72.38,71.91,72.18,3001000,72.18
2011-01-13,72.06,72.46,72.01,72.36,1264700,72.36
2011-01-12,71.73,72.64,71.73,72.34,2151500,72.34
2011-01-11,72.06,72.64,71.90,72.34,3097800,72.34
2011-01-10,72.90,73.17,72.21,72.40,3910200,72.40
2011-01-07,71.62,71.99,71.17,71.39,2125100,71.39
2011-01-06,70.95,71.58,70.50,71.56,2840200,71.56
2011-01-05,71.03,71.70,71.01,71.30,1474900,71.30
2011-01-04,71.67,71.77,71.32,71.57,1455000,71.57
2011-01-03,71.56,71.78,71.45,71.78,1833800,71.78
2010-12-31,71.47,71.48,70.65,71.20,835800,71.20
2010-12-30,70.82,71.46,70.82,71.40,643700,71.40
2010-12-29,70.92,71.18,70.89,71.13,753100,71.13
2010-12-28,70.95,71.09,70.72,70.94,792000,70.94
2010-12-27,71.03,71.49,70.82,70.99,646000,70.99
2010-12-23,71.32,71.42,71.03,71.18,868100,71.18
2010-12-22,71.31,71.74,71.31,71.52,1649400,71.52
2010-12-21,69.88,71.50,69.61,71.50,6166300,71.50
2010-12-20,70.00,70.14,69.55,69.65,1996400,69.65
2010-12-17,69.78,70.01,69.70,69.79,5113600,69.79
2010-12-16,69.31,70.31,69.23,69.87,1541700,69.87
2010-12-15,70.02,70.29,69.95,70.05,2024900,70.05
2010-12-14,70.54,70.54,70.02,70.20,2410200,70.20
2010-12-13,70.10,71.00,70.06,70.30,2184400,70.30
2010-12-10,70.05,70.26,69.65,69.82,5634300,69.82
2010-12-09,70.09,70.26,69.80,69.99,2977800,69.99
2010-12-08,70.25,70.38,70.00,70.16,2919600,70.16
2010-12-07,70.45,70.78,70.24,70.26,3231200,70.26
2010-12-06,70.50,70.89,70.50,70.71,2189900,70.71
2010-12-03,70.79,71.00,70.75,70.91,1609600,70.91
2010-12-02,71.02,71.31,70.82,70.97,1643400,70.97
2010-12-01,70.98,71.73,70.89,71.14,3020400,71.14
2010-11-30,70.66,71.25,70.58,71.22,2542300,71.22
2010-11-29,70.80,71.33,70.54,71.15,1799200,71.15
2010-11-26,71.37,71.75,71.15,71.22,613000,71.22
2010-11-24,71.18,72.00,71.05,71.81,1742800,71.81
2010-11-23,71.02,71.29,70.39,70.75,2904800,70.75
2010-11-22,71.15,72.00,71.00,71.36,2488700,71.36
2010-11-19,70.25,71.50,69.96,71.31,4583600,71.31
2010-11-18,70.03,70.34,69.80,70.27,1635900,70.27
2010-11-17,69.76,70.10,69.51,69.75,1798900,69.75
2010-11-16,69.85,70.29,69.55,69.94,2674800,69.94
2010-11-15,70.40,70.62,69.95,70.03,2814100,70.03
2010-11-12,70.00,70.16,69.51,69.84,3783400,69.84
2010-11-11,70.16,70.62,69.81,70.16,2595000,70.16
2010-11-10,70.37,70.59,69.76,70.11,4135300,70.11
2010-11-09,71.03,71.40,70.43,70.65,2536200,70.65
2010-11-08,71.45,71.70,70.88,71.06,3362700,71.06
2010-11-05,71.56,71.80,71.01,71.69,4585000,71.69
2010-11-04,72.03,72.10,71.65,71.70,3557200,71.70
2010-11-03,72.12,72.15,71.78,72.00,2265400,72.00
2010-11-02,72.33,72.37,71.96,72.18,1510200,72.18
2010-11-01,72.12,72.45,71.92,72.20,1586400,72.20
2010-10-29,72.00,72.31,71.91,72.25,1489600,72.25
2010-10-28,72.13,72.28,71.75,72.26,2634400,72.26
2010-10-27,71.87,72.22,71.84,72.07,3553900,72.07
2010-10-26,72.07,73.23,71.97,72.13,2095800,72.13
2010-10-25,72.43,72.67,72.12,72.32,3632600,72.32
2010-10-22,71.91,73.00,71.65,72.45,6288600,72.45
2010-10-21,72.02,72.30,71.64,71.96,2676000,71.96
2010-10-20,71.89,72.57,71.89,72.11,2339300,72.11
2010-10-19,71.79,72.20,71.50,71.89,3508900,71.89
2010-10-18,71.99,72.48,71.72,72.05,5255100,72.05
2010-10-15,72.60,72.60,71.98,72.19,5754000,72.19
2010-10-14,72.60,72.70,72.23,72.43,3083900,72.43
2010-10-13,72.60,72.82,72.58,72.60,3177500,72.60
2010-10-12,72.75,72.93,72.55,72.72,2320300,72.72
2010-10-11,72.77,73.15,72.60,72.91,2694800,72.91
2010-10-08,72.43,72.98,72.30,72.75,5779000,72.75
2010-10-07,71.53,72.50,71.27,72.36,8130600,72.36
2010-10-06,71.23,71.85,71.07,71.75,3820100,71.75
2010-10-05,71.23,71.52,71.01,71.52,3180200,71.52
2010-10-04,71.00,71.48,70.72,71.01,6377800,71.01
2010-10-01,71.25,71.44,70.82,70.88,3357200,70.88
2010-09-30,71.38,71.39,70.78,70.79,3186800,70.79
2010-09-29,71.45,71.75,70.99,71.12,3883500,71.12
2010-09-28,71.17,71.80,70.97,71.50,2376100,71.50
2010-09-27,71.83,71.99,71.20,71.20,2753700,71.20
2010-09-24,71.42,71.77,71.19,71.60,2538300,71.60
2010-09-23,70.88,71.34,70.75,71.15,2339400,71.15
2010-09-22,70.27,71.25,70.27,71.20,3213300,71.20
2010-09-21,70.40,70.89,70.33,70.69,3200900,70.69
2010-09-20,70.16,70.98,70.10,70.75,3699200,70.75
2010-09-17,70.40,70.53,70.06,70.15,6930100,70.15
2010-09-16,70.36,70.60,70.05,70.35,3180600,70.35
2010-09-15,70.13,70.54,70.09,70.39,3692300,70.39
2010-09-14,70.17,70.48,70.03,70.24,2526500,70.24
2010-09-13,70.40,70.78,70.21,70.29,3783100,70.29
2010-09-10,70.52,70.95,70.24,70.79,3895600,70.79
2010-09-09,70.31,71.00,70.21,70.63,5136800,70.63
2010-09-08,70.57,70.98,70.35,70.47,4772900,70.47
2010-09-07,70.40,71.01,70.40,71.01,4714600,71.01
2010-09-03,70.88,70.95,70.29,70.49,2609500,70.49
2010-09-02,70.09,70.94,70.05,70.80,3492100,70.80
2010-09-01,70.11,70.96,70.00,70.38,5006600,70.38
2010-08-31,69.79,70.49,69.56,70.11,8731900,70.11
2010-08-30,70.09,70.47,68.19,69.91,17477300,69.91
2010-08-27,66.95,67.96,66.26,67.62,2724700,67.62
2010-08-26,67.65,67.72,66.37,66.84,2818800,66.84
2010-08-25,65.95,68.44,65.51,67.58,9574800,67.58
2010-08-24,67.45,67.93,67.03,67.39,3738800,67.39
2010-08-23,66.75,67.79,66.57,67.75,3111900,67.75
2010-08-20,65.88,67.30,65.50,66.89,3852800,66.89
2010-08-19,66.66,66.71,65.84,65.90,3065300,65.90
2010-08-18,66.26,66.97,66.26,66.81,2951300,66.81
2010-08-17,66.93,67.04,66.16,66.58,3183300,66.58
2010-08-16,66.23,66.97,65.80,66.94,2165900,66.94
2010-08-13,65.74,66.56,65.74,66.30,2487000,66.30
2010-08-12,66.12,67.25,64.37,66.16,8511000,66.16
2010-08-11,67.18,67.36,66.27,66.82,4059800,66.82
2010-08-10,67.04,68.29,66.64,67.83,4035700,67.83
2010-08-09,69.05,69.17,67.28,67.46,8078500,67.46
2010-08-06,68.85,69.76,68.81,69.18,4836300,69.18
2010-08-05,69.20,69.59,68.94,69.33,4132000,69.33
2010-08-04,70.07,70.25,68.87,69.41,7280200,69.41
2010-08-03,70.07,70.75,70.00,70.20,7931700,70.20
2010-08-02,70.00,70.48,69.51,70.36,6118700,70.36
2010-07-30,69.50,70.00,69.25,69.56,7319600,69.56
2010-07-29,70.31,70.97,69.68,69.79,15891300,69.79
2010-07-28,67.00,68.24,67.00,68.00,6895300,68.00
2010-07-27,66.60,68.23,66.54,67.51,7473700,67.51
2010-07-26,65.51,67.85,64.80,67.38,17578300,67.38
2010-07-23,53.92,66.96,53.43,62.52,20851200,62.52
2010-07-22,52.83,54.42,52.65,54.17,3946600,54.17
2010-07-21,52.53,54.80,52.00,52.62,5596700,52.62
2010-07-20,51.16,52.35,50.68,52.26,2522400,52.26
2010-07-19,51.77,52.42,51.31,51.91,3221800,51.91
2010-07-16,53.60,54.01,51.73,51.77,3511900,51.77
2010-07-15,53.74,54.28,53.20,53.47,3009000,53.47
2010-07-14,53.90,54.00,52.70,53.58,3166600,53.58
2010-07-13,54.01,54.75,53.00,53.89,3116700,53.89
2010-07-12,53.71,54.21,53.29,53.74,2221800,53.74
2010-07-09,51.97,54.07,51.94,53.93,3425000,53.93
2010-07-08,52.13,53.13,51.85,53.01,2945600,53.01
2010-07-07,51.05,52.25,50.68,52.15,2806500,52.15
2010-07-06,51.57,52.75,50.68,51.14,4397100,51.14
2010-07-02,50.65,54.49,50.65,52.80,7906600,52.80
2010-07-01,50.51,50.62,49.12,49.86,4672100,49.86
2010-06-30,51.63,52.21,50.74,50.77,3378700,50.77
2010-06-29,52.87,53.18,51.05,51.58,5068600,51.58
2010-06-28,53.47,53.94,53.01,53.47,3020300,53.47
2010-06-25,53.54,54.08,53.02,53.48,4642400,53.48
2010-06-24,53.29,53.87,52.42,53.65,3699300,53.65
2010-06-23,53.42,54.15,53.32,53.90,2851000,53.90
2010-06-22,53.30,54.49,52.90,53.38,4199800,53.38
2010-06-21,53.05,53.94,53.00,53.34,3797100,53.34
2010-06-18,51.75,52.99,51.69,52.88,4212900,52.88
2010-06-17,51.57,51.70,51.06,51.43,1912200,51.43
2010-06-16,49.98,51.59,49.88,51.52,2917000,51.52
2010-06-15,49.57,50.43,49.40,50.38,2087400,50.38
2010-06-14,49.04,50.00,48.59,49.50,2607000,49.50
2010-06-11,48.45,49.11,48.15,49.05,2123800,49.05
2010-06-10,47.81,48.69,47.30,48.68,2291800,48.68
2010-06-09,48.04,48.35,47.12,47.16,2567800,47.16
2010-06-08,48.24,48.52,47.15,47.81,4551300,47.81
2010-06-07,48.01,48.88,47.97,48.27,3140700,48.27
2010-06-04,48.72,49.12,47.62,47.75,2780600,47.75
2010-06-03,49.39,49.78,49.00,49.55,2950100,49.55
2010-06-02,48.42,49.59,48.20,49.59,3469000,49.59
2010-06-01,48.59,49.63,48.07,48.11,3324600,48.11
2010-05-28,50.03,50.16,48.54,48.65,4458300,48.65
2010-05-27,50.59,51.00,49.21,50.14,3758900,50.14
2010-05-26,51.45,51.85,49.81,50.00,4586100,50.00
2010-05-25,45.71,51.90,45.39,51.16,14736400,51.16
2010-05-24,48.93,50.00,48.42,48.48,5663000,48.48
2010-05-21,49.01,50.23,48.33,49.41,4687600,49.41
2010-05-20,50.22,50.66,49.44,49.49,2996700,49.49
2010-05-19,51.72,51.93,50.94,51.05,2259000,51.05
2010-05-18,51.21,51.55,51.06,51.09,2888400,51.09
2010-05-17,50.61,51.23,50.02,50.87,2689200,50.87
2010-05-14,51.50,52.05,50.24,50.43,3395200,50.43
2010-05-13,51.84,52.22,51.44,51.79,2138600,51.79
2010-05-12,51.93,52.32,51.52,51.96,2291600,51.96
2010-05-11,51.72,53.15,51.54,52.05,2933300,52.05
2010-05-10,52.52,53.22,51.19,51.89,4327900,51.89
2010-05-07,52.54,53.45,51.33,51.77,6296600,51.77
2010-05-06,52.78,54.72,50.93,52.01,8907700,52.01
2010-05-05,53.16,53.20,52.27,53.03,2824400,53.03
2010-05-04,53.34,53.66,52.12,52.79,2556600,52.79
2010-05-03,53.32,54.29,52.93,53.83,1633300,53.83
2010-04-30,54.10,54.37,53.21,53.22,1639100,53.22
2010-04-29,53.15,54.38,53.05,53.99,2217500,53.99
2010-04-28,53.00,53.72,52.96,53.00,3485700,53.00
2010-04-27,53.01,54.15,52.90,52.95,2369800,52.95
2010-04-26,53.88,53.93,52.96,53.01,1467200,53.01
2010-04-23,53.49,54.04,53.06,53.93,2659300,53.93
2010-04-22,54.85,54.95,53.23,53.44,3801600,53.44
2010-04-21,52.60,55.37,52.50,54.45,7029300,54.45
2010-04-20,53.81,54.06,53.05,53.58,2154100,53.58
2010-04-19,53.74,53.93,53.26,53.58,2230400,53.58
2010-04-16,52.79,53.82,52.78,53.64,4693300,53.64
2010-04-15,52.49,52.90,52.31,52.77,2438900,52.77
2010-04-14,52.34,53.17,52.05,52.66,3551000,52.66
2010-04-13,52.69,52.81,52.26,52.43,2420600,52.43
2010-04-12,52.94,52.95,52.63,52.84,2058800,52.84
2010-04-09,52.37,52.95,52.26,52.80,2624900,52.80
2010-04-08,51.00,52.76,50.94,52.37,3895300,52.37
2010-04-07,52.10,52.53,51.61,51.88,3461900,51.88
2010-04-06,52.18,52.50,51.97,52.03,2385000,52.03
2010-04-05,52.53,52.86,52.24,52.51,1687300,52.51
2010-04-01,52.28,52.70,51.93,52.55,2130900,52.55
2010-03-31,52.39,52.39,51.78,51.83,3152100,51.83
2010-03-30,52.31,52.58,51.64,52.52,4557900,52.52
2010-03-29,53.00,53.57,52.77,52.98,3505900,52.98
2010-03-26,52.36,53.10,52.27,53.00,8013000,53.00
2010-03-25,53.89,53.90,51.00,51.13,18552700,51.13
2010-03-24,56.65,57.30,54.61,55.33,14530300,55.33
2010-03-23,59.01,59.19,58.72,59.10,2055100,59.10
2010-03-22,59.53,60.15,59.06,59.07,1861900,59.07
2010-03-19,57.82,59.75,56.75,59.39,4606200,59.39
2010-03-18,57.37,57.54,56.87,57.41,1155400,57.41
2010-03-17,57.27,57.30,56.84,57.04,1252800,57.04
2010-03-16,57.30,57.48,56.85,57.33,1204300,57.33
2010-03-15,56.95,57.35,56.78,57.22,1398200,57.22
2010-03-12,57.17,57.42,56.73,56.91,1526700,56.91
2010-03-11,57.26,57.60,56.59,57.26,1667500,57.26
2010-03-10,57.18,57.88,57.02,57.60,1847400,57.60
2010-03-09,57.08,57.61,57.00,57.45,1482100,57.45
2010-03-08,57.15,57.57,57.10,57.22,1423600,57.22
2010-03-05,57.22,57.55,56.71,57.40,2050800,57.40
2010-03-04,57.06,57.28,56.39,56.71,1153700,56.71
2010-03-03,57.01,57.32,56.65,56.95,1400300,56.95
2010-03-02,57.98,57.98,56.68,56.82,3163900,56.82
2010-03-01,57.45,58.00,57.22,57.83,1979300,57.83
2010-02-26,56.53,57.71,56.32,57.20,3805400,57.20
2010-02-25,55.80,56.66,55.64,56.55,2481500,56.55
2010-02-24,56.11,56.71,55.89,56.50,2166300,56.50
2010-02-23,55.97,56.76,55.50,55.75,2433300,55.75
2010-02-22,55.71,56.16,55.25,56.04,2672100,56.04
2010-02-19,55.00,56.36,54.89,55.97,3065600,55.97
2010-02-18,55.79,55.92,55.10,55.56,2408900,55.56
2010-02-17,55.48,56.24,54.62,55.78,5155000,55.78
2010-02-16,55.85,55.85,54.99,55.51,2552600,55.51
2010-02-12,55.08,55.79,55.08,55.73,2526800,55.73
2010-02-11,54.24,55.45,53.94,55.27,2091500,55.27
2010-02-10,54.65,55.00,53.88,54.50,1774800,54.50
2010-02-09,54.76,55.47,54.27,54.87,2267500,54.87
2010-02-08,55.29,55.66,54.24,54.49,2132300,54.49
2010-02-05,54.21,55.21,53.88,55.17,4220800,55.17
2010-02-04,56.68,56.72,54.02,54.11,3590600,54.11
2010-02-03,56.31,57.44,56.00,57.00,4058800,57.00
2010-02-02,54.70,55.75,54.20,55.66,2480100,55.66
2010-02-01,54.46,54.52,53.99,54.19,1551500,54.19
2010-01-29,54.29,54.58,53.68,54.26,2724300,54.26
2010-01-28,54.35,54.50,53.56,54.12,2904400,54.12
2010-01-27,53.12,54.20,53.12,54.20,2439800,54.20
2010-01-26,54.09,54.29,53.64,53.70,1717400,53.70
2010-01-25,54.58,54.79,54.17,54.38,1966500,54.38
2010-01-22,54.10,55.09,54.05,54.38,4230100,54.38
2010-01-21,54.77,55.00,53.50,54.43,3208700,54.43
2010-01-20,54.42,55.00,53.78,54.85,2868900,54.85
2010-01-19,53.53,54.66,53.51,54.61,2561300,54.61
2010-01-15,53.97,53.99,53.02,53.45,3099000,53.45
2010-01-14,51.85,54.03,51.73,53.87,3436300,53.87
2010-01-13,52.97,53.82,52.94,53.50,2695300,53.50
2010-01-12,53.56,53.62,52.63,52.98,3740500,52.98
2010-01-11,54.23,54.35,53.17,53.70,3535500,53.70
2010-01-08,51.30,54.07,51.13,53.81,9107100,53.81
2010-01-07,48.95,52.42,48.83,51.13,7405400,51.13
2010-01-06,48.22,49.20,48.19,48.97,2971500,48.97
2010-01-05,49.01,49.50,48.18,48.24,3331100,48.24
2010-01-04,49.76,49.80,48.80,49.35,3508600,49.35
2009-12-31,49.88,49.97,48.97,49.01,1219500,49.01
2009-12-30,49.98,50.11,49.40,49.75,1054400,49.75
2009-12-29,49.58,50.13,49.39,49.81,1750900,49.81
2009-12-28,48.74,49.64,48.46,49.61,2038900,49.61
2009-12-24,48.10,48.50,48.05,48.50,572100,48.50
2009-12-23,48.15,48.47,47.55,48.20,2331100,48.20
2009-12-22,48.00,48.35,47.84,48.30,1984700,48.30
2009-12-21,48.18,48.40,47.60,47.95,3538000,47.95
2009-12-18,48.17,49.38,48.16,48.78,4230800,48.78
2009-12-17,48.85,49.00,48.20,48.20,2895500,48.20
2009-12-16,49.35,49.47,48.90,48.91,3252400,48.91
2009-12-15,49.55,49.99,49.15,49.25,2684500,49.25
2009-12-14,50.00,50.09,49.56,49.98,2603700,49.98
2009-12-11,49.75,50.10,49.42,49.74,1398600,49.74
2009-12-10,49.30,50.21,49.24,49.59,1940600,49.59
2009-12-09,49.30,49.38,48.87,49.22,2879300,49.22
2009-12-08,49.61,49.81,49.00,49.42,2463400,49.42
2009-12-07,49.95,50.61,49.62,49.72,2797300,49.72
2009-12-04,50.68,50.91,49.67,49.98,2739100,49.98
2009-12-03,51.75,51.75,50.16,50.27,4014000,50.27
2009-12-02,51.20,51.59,50.89,51.29,1827700,51.29
2009-12-01,50.72,51.61,50.45,51.11,4007100,51.11
2009-11-30,51.62,51.82,50.61,50.70,3767100,50.70
2009-11-27,50.67,51.43,49.99,51.07,1252000,51.07
2009-11-25,50.81,51.62,50.59,51.52,3283100,51.52
2009-11-24,50.03,50.48,49.72,50.38,3379900,50.38
2009-11-23,50.25,50.90,50.00,50.24,3319600,50.24
2009-11-20,49.42,50.26,48.77,50.05,2974400,50.05
2009-11-19,49.50,49.98,49.47,49.63,4244400,49.63
2009-11-18,49.85,50.02,49.50,49.77,4808200,49.77
2009-11-17,49.60,50.91,49.16,50.32,4920400,50.32
2009-11-16,50.00,50.52,49.23,49.49,9144000,49.49
2009-11-13,53.04,53.99,47.80,49.28,27975700,49.28
2009-11-12,53.02,53.60,52.31,53.17,1455700,53.17
2009-11-11,53.12,53.25,52.40,52.87,1277700,52.87
2009-11-10,52.26,53.25,52.19,52.87,1881800,52.87
2009-11-09,52.52,52.54,51.50,52.54,1670700,52.54
2009-11-06,52.06,52.50,51.35,52.28,1390800,52.28
2009-11-05,51.33,52.51,51.07,52.02,1766000,52.02
2009-11-04,51.00,52.37,51.00,51.01,2024600,51.01
2009-11-03,50.34,51.82,50.16,51.68,2169900,51.68
2009-11-02,50.90,51.12,50.05,50.32,2103300,50.32
2009-10-30,52.12,52.18,50.52,50.60,2737800,50.60
2009-10-29,51.32,52.32,51.14,51.58,2548800,51.58
2009-10-28,51.84,52.32,51.08,51.18,2273900,51.18
2009-10-27,52.20,53.10,51.61,51.83,3399700,51.83
2009-10-26,52.50,52.80,51.48,51.70,1996400,51.70
2009-10-23,52.67,53.09,52.01,52.24,2547500,52.24
2009-10-22,51.01,53.41,50.55,52.94,4403900,52.94
2009-10-21,53.35,54.89,50.50,51.43,9827800,51.43
2009-10-20,55.30,55.51,54.81,54.85,2835500,54.85
2009-10-19,56.25,56.27,55.31,55.70,2684000,55.70
2009-10-16,55.97,56.27,55.10,55.94,3643600,55.94
2009-10-15,56.28,56.60,55.80,55.99,4810800,55.99
2009-10-14,56.14,56.72,56.10,56.49,2079100,56.49
2009-10-13,56.04,56.89,55.90,56.35,1987600,56.35
2009-10-12,56.82,57.27,56.22,56.76,2590600,56.76
2009-10-09,56.20,56.75,55.56,56.46,1490600,56.46
2009-10-08,55.41,56.77,55.40,55.81,2426200,55.81
2009-10-07,56.41,56.83,56.07,56.23,1761600,56.23
2009-10-06,56.16,57.13,55.50,56.72,2466700,56.72
2009-10-05,55.79,56.27,55.57,55.78,2364400,55.78
2009-10-02,55.15,55.86,55.10,55.58,1640000,55.58
2009-10-01,56.51,56.63,55.18,55.22,2795200,55.22
2009-09-30,56.85,57.03,55.76,56.73,2348900,56.73
2009-09-29,57.23,57.52,56.45,56.95,1797500,56.95
2009-09-28,57.10,58.00,57.04,57.47,2209900,57.47
2009-09-25,56.48,57.30,56.30,56.67,1804400,56.67
2009-09-24,56.58,57.09,56.03,56.63,2838000,56.63
2009-09-23,57.18,57.95,56.42,56.49,3231100,56.49
2009-09-22,57.20,57.36,56.39,57.00,2110900,57.00
2009-09-21,56.58,57.35,56.00,57.24,2807600,57.24
2009-09-18,58.10,58.10,57.09,57.55,4182200,57.55
2009-09-17,55.98,58.43,55.59,58.24,4245400,58.24
2009-09-16,56.00,56.15,55.35,56.00,3622300,56.00
2009-09-15,56.80,57.24,56.39,56.71,2409400,56.71
2009-09-14,55.83,57.00,55.36,56.91,2458800,56.91
2009-09-11,55.48,56.03,54.53,55.88,4022400,55.88
2009-09-10,55.83,56.05,54.95,55.53,3181900,55.53
2009-09-09,55.60,56.48,55.34,55.80,3555200,55.80
2009-09-08,56.22,57.45,55.37,55.74,4303100,55.74
2009-09-04,55.65,57.39,55.52,57.19,2715100,57.19
2009-09-03,55.21,55.50,54.69,55.49,2113100,55.49
2009-09-02,54.42,55.50,54.42,55.19,2908900,55.19
2009-09-01,55.36,56.50,54.39,55.39,5002600,55.39
2009-08-31,53.85,56.60,53.63,55.71,6352700,55.71
2009-08-28,57.00,57.50,55.26,55.53,3303300,55.53
2009-08-27,56.00,57.04,55.50,56.90,3448500,56.90
2009-08-26,55.47,56.28,55.44,55.88,3392200,55.88
2009-08-25,54.77,56.26,54.25,55.48,5585200,55.48
2009-08-24,53.20,53.97,53.15,53.51,2225900,53.51
2009-08-21,53.42,54.49,53.05,53.58,5504500,53.58
2009-08-20,51.15,52.71,51.06,52.42,3574100,52.42
2009-08-19,50.01,51.12,49.42,51.03,2151600,51.03
2009-08-18,50.51,50.75,49.75,50.55,2383800,50.55
2009-08-17,50.21,50.53,49.72,50.32,2981300,50.32
2009-08-14,50.18,50.64,49.17,50.59,3041500,50.59
2009-08-13,50.54,50.76,49.85,50.44,2895900,50.44
2009-08-12,49.68,50.61,49.11,50.31,3361300,50.31
2009-08-11,49.91,51.05,49.28,49.36,5193600,49.36
2009-08-10,48.09,51.09,47.09,50.54,12864000,50.54
2009-08-07,47.98,49.00,47.61,48.19,8630900,48.19
2009-08-06,49.26,49.61,48.56,48.81,4395400,48.81
2009-08-05,49.60,49.99,48.79,49.16,5104300,49.16
2009-08-04,50.10,50.70,49.29,49.80,6869200,49.80
2009-08-03,51.99,52.54,49.55,50.38,11499600,50.38
2009-07-31,55.30,56.72,51.50,51.89,14760400,51.89
2009-07-30,55.59,56.59,55.16,56.25,5693600,56.25
2009-07-29,54.68,55.00,53.80,54.94,4036200,54.94
2009-07-28,53.65,54.98,53.65,54.72,3346700,54.72
2009-07-27,52.81,54.13,52.78,53.73,3567400,53.73
2009-07-24,51.87,52.89,51.63,52.78,3188400,52.78
2009-07-23,51.58,53.62,51.20,52.17,9795900,52.17
2009-07-22,53.76,54.00,50.83,51.21,11396600,51.21
2009-07-21,54.41,55.99,53.50,55.91,4224700,55.91
2009-07-20,53.74,54.25,53.28,53.83,2195300,53.83
2009-07-17,54.68,54.68,53.37,53.80,3472700,53.80
2009-07-16,54.65,54.65,53.70,54.50,3368100,54.50
2009-07-15,54.22,54.86,53.51,54.65,2845400,54.65
2009-07-14,54.21,54.78,53.57,53.81,2086200,53.81
2009-07-13,53.79,54.79,53.18,54.44,2123400,54.44
2009-07-10,53.42,54.39,53.26,53.75,2386500,53.75
2009-07-09,53.50,54.33,53.20,53.76,2873500,53.76
2009-07-08,54.69,55.18,54.15,54.43,2579200,54.43
2009-07-07,55.14,55.21,54.20,54.31,2576900,54.31
2009-07-06,53.90,55.18,53.61,55.05,3451800,55.05
2009-07-02,54.92,55.14,54.31,54.75,2436400,54.75
2009-07-01,56.13,56.19,55.19,55.42,2070300,55.42
2009-06-30,55.89,56.43,55.15,55.67,2265900,55.67
2009-06-29,56.38,56.45,55.12,56.21,2176800,56.21
2009-06-26,55.81,56.50,55.30,56.50,2787900,56.50
2009-06-25,54.37,56.50,54.32,56.18,3170900,56.18
2009-06-24,54.95,55.02,53.00,54.82,4066000,54.82
2009-06-23,53.62,55.11,53.62,54.70,3917800,54.70
2009-06-22,54.46,54.67,53.15,53.41,3174100,53.41
2009-06-19,55.88,56.13,54.84,55.02,3963000,55.02
2009-06-18,54.99,56.20,54.99,55.24,3048600,55.24
2009-06-17,53.01,55.50,53.01,54.88,7318200,54.88
2009-06-16,51.42,53.76,51.30,52.75,16994000,52.75
2009-06-15,58.25,58.25,55.00,55.62,5892200,55.62
2009-06-12,59.62,59.65,58.31,58.76,2116200,58.76
2009-06-11,60.16,60.67,59.14,59.35,2021100,59.35
2009-06-10,61.10,61.41,59.44,60.14,1590800,60.14
2009-06-09,60.52,61.05,59.96,60.58,1742000,60.58
2009-06-08,59.80,61.16,59.52,59.76,2087300,59.76
2009-06-05,61.73,62.19,59.71,60.70,2384700,60.70
2009-06-04,62.67,63.47,61.23,61.60,2408000,61.60
2009-06-03,60.75,63.22,60.26,62.44,3099600,62.44
2009-06-02,59.73,61.62,59.09,60.94,2705000,60.94
2009-06-01,58.81,60.07,58.81,59.41,1925300,59.41
2009-05-29,58.40,59.14,58.12,59.14,2074900,59.14
2009-05-28,58.26,59.91,58.00,58.97,1926900,58.97
2009-05-27,58.32,59.42,58.17,58.65,1742400,58.65
2009-05-26,56.52,59.42,56.38,59.12,2614200,59.12
2009-05-22,58.67,59.19,58.14,58.37,2090900,58.37
2009-05-21,58.52,59.44,58.00,58.66,2753100,58.66
2009-05-20,59.21,60.10,58.44,59.14,2599100,59.14
2009-05-19,58.41,59.58,58.10,59.39,2755000,59.39
2009-05-18,58.72,59.50,58.22,59.24,1615000,59.24
2009-05-15,59.50,59.84,58.20,58.57,3043500,58.57
2009-05-14,60.29,60.97,59.67,59.94,2470200,59.94
2009-05-13,60.60,61.91,60.13,60.13,2381300,60.13
2009-05-12,61.42,61.75,60.22,60.85,2891500,60.85
2009-05-11,59.24,61.97,58.78,61.48,2928400,61.48
2009-05-08,58.48,61.49,58.48,60.18,5696000,60.18
2009-05-07,56.32,59.04,56.04,58.85,6239800,58.85
2009-05-06,54.35,55.55,53.24,55.44,5157700,55.44
2009-05-05,54.03,54.76,53.75,54.20,1990100,54.20
2009-05-04,53.42,54.43,52.73,54.32,2174600,54.32
2009-05-01,53.60,53.65,52.23,52.73,2693000,52.73
2009-04-30,55.44,56.00,53.07,53.33,3836200,53.33
2009-04-29,55.21,55.21,54.27,54.55,1979300,54.55
2009-04-28,54.23,55.21,54.11,54.59,2270100,54.59
2009-04-27,52.89,55.02,52.69,54.66,3565400,54.66
2009-04-24,52.62,53.99,51.86,53.20,5012400,53.20
2009-04-23,51.05,52.25,50.83,52.16,3806000,52.16
2009-04-22,53.10,53.26,51.00,51.34,8103000,51.34
2009-04-21,54.88,55.51,53.79,54.50,2304300,54.50
2009-04-20,54.60,55.13,53.74,54.33,2434700,54.33
2009-04-17,55.42,56.17,54.56,54.99,3670100,54.99
2009-04-16,55.37,56.49,55.09,56.12,2250800,56.12
2009-04-15,54.55,56.16,54.50,55.51,2807900,55.51
2009-04-14,55.38,55.79,54.22,54.76,3611300,54.76
2009-04-13,56.00,56.61,55.30,55.48,2364800,55.48
2009-04-09,55.64,57.52,55.45,56.38,2778900,56.38
2009-04-08,55.55,57.09,55.50,57.03,2302000,57.03
2009-04-07,55.38,56.33,55.11,55.32,2103800,55.32
2009-04-06,56.24,56.31,55.31,56.02,2238500,56.02
2009-04-03,57.81,57.81,55.29,56.04,2817000,56.04
2009-04-02,58.11,58.29,56.64,57.24,2938800,57.24
2009-04-01,59.13,59.35,56.52,57.25,3891300,57.25
2009-03-31,58.65,60.51,58.65,59.39,3062700,59.39
2009-03-30,58.35,59.49,58.20,58.95,2386900,58.95
2009-03-27,58.34,59.82,58.25,59.23,2828700,59.23
2009-03-26,57.86,59.35,56.50,59.08,4209000,59.08
2009-03-25,56.03,58.06,55.28,56.80,2886100,56.80
2009-03-24,57.67,57.94,56.17,56.18,1691700,56.18
2009-03-23,55.72,58.37,54.67,57.94,2976800,57.94
2009-03-20,54.56,55.50,54.50,54.60,3590800,54.60
2009-03-19,57.20,57.26,54.69,54.81,3375200,54.81
2009-03-18,57.44,59.11,56.45,56.96,3406800,56.96
2009-03-17,56.61,58.39,55.93,58.39,2914500,58.39
2009-03-16,56.58,57.41,55.59,55.84,3111400,55.84
2009-03-13,55.76,56.78,54.97,56.14,3925200,56.14
2009-03-12,51.21,55.95,50.90,55.63,6872000,55.63
2009-03-11,55.62,55.65,52.71,52.82,5441800,52.82
2009-03-10,55.73,56.80,54.00,55.19,8246300,55.19
2009-03-09,54.03,55.32,53.43,55.04,5181000,55.04
2009-03-06,51.62,53.17,50.80,53.17,6126400,53.17
2009-03-05,53.75,54.28,52.60,53.04,3908700,53.04
2009-03-04,53.05,55.00,52.71,54.40,6870500,54.40
2009-03-03,53.66,54.64,50.05,52.48,14680700,52.48
2009-03-02,59.97,60.00,56.11,56.52,7163000,56.52
2009-02-27,63.59,64.56,60.52,60.93,5656100,60.93
2009-02-26,70.00,70.47,64.22,64.63,5142000,64.63
2009-02-25,70.06,70.46,69.05,69.07,2922300,69.07
2009-02-24,69.41,70.74,69.41,70.42,3045300,70.42
2009-02-23,71.77,72.35,69.24,69.41,3631400,69.41
2009-02-20,70.53,72.01,70.06,71.56,2983800,71.56
2009-02-19,70.56,71.34,69.92,70.61,2952600,70.61
2009-02-18,71.28,71.77,70.51,71.36,1915200,71.36
2009-02-17,71.87,72.07,70.01,71.23,2175600,71.23
2009-02-13,73.22,73.75,72.04,72.59,2167900,72.59
2009-02-12,70.28,73.43,70.18,73.21,3012800,73.21
2009-02-11,72.47,73.41,70.15,71.08,3050200,71.08
2009-02-10,71.40,72.83,70.79,71.19,3076800,71.19
2009-02-09,71.18,72.12,70.40,71.71,2064400,71.71
2009-02-06,71.84,72.59,70.41,71.33,2772800,71.33
2009-02-05,70.30,72.70,70.26,72.01,2272800,72.01
2009-02-04,70.28,72.58,70.28,71.16,2219700,71.16
2009-02-03,70.10,71.14,68.86,70.83,2363800,70.83
2009-02-02,68.70,70.12,68.45,69.96,2399200,69.96
2009-01-30,69.62,69.87,68.44,68.92,2753600,68.92
2009-01-29,69.29,70.64,68.90,69.46,2530000,69.46
2009-01-28,69.63,70.35,68.01,69.87,3072500,69.87
2009-01-27,69.01,69.86,68.20,68.58,2625600,68.58
2009-01-26,67.71,68.68,66.80,68.20,2873400,68.20
2009-01-23,67.71,68.23,66.66,67.61,3266300,67.61
2009-01-22,69.20,69.90,67.66,68.47,4419700,68.47
2009-01-21,68.64,70.65,68.32,70.54,5140000,70.54
2009-01-20,67.48,69.36,67.00,67.61,4639300,67.61
2009-01-16,66.26,67.97,65.82,67.68,4978000,67.68
2009-01-15,65.23,66.83,64.60,66.68,3535000,66.68
2009-01-14,63.62,65.77,63.25,64.84,3166200,64.84
2009-01-13,62.98,65.04,62.98,64.29,4215500,64.29
2009-01-12,64.58,64.58,62.22,62.89,3700700,62.89
2009-01-09,65.50,65.50,63.35,63.61,2847900,63.61
2009-01-08,64.12,66.22,64.12,65.69,2292000,65.69
2009-01-07,64.88,66.48,63.57,65.41,1958300,65.41
2009-01-06,68.44,68.53,65.68,66.19,3090200,66.19
2009-01-05,67.02,68.02,66.36,67.70,1991900,67.70
2009-01-02,66.04,68.14,65.08,68.07,2189100,68.07
2008-12-31,66.75,67.42,66.22,66.37,1461000,66.37
2008-12-30,65.16,66.96,64.81,66.52,1561400,66.52
2008-12-29,66.31,66.43,64.31,65.40,1103800,65.40
2008-12-26,66.32,66.91,65.97,66.41,568400,66.41
2008-12-24,66.16,66.82,65.89,66.22,577900,66.22
2008-12-23,66.36,68.07,66.01,66.40,1311300,66.40
2008-12-22,66.01,68.23,66.00,67.13,1656900,67.13
2008-12-19,67.41,68.97,67.41,68.20,3586800,68.20
2008-12-18,67.18,69.19,66.39,67.08,3306500,67.08
2008-12-17,67.91,68.74,66.14,67.52,3297900,67.52
2008-12-16,64.43,68.94,64.40,68.77,4851600,68.77
2008-12-15,65.04,65.93,63.04,63.65,2205900,63.65
2008-12-12,63.88,65.39,63.41,65.21,2252800,65.21
2008-12-11,64.53,66.44,64.22,64.81,2710800,64.81
2008-12-10,64.00,65.87,63.99,65.19,2778700,65.19
2008-12-09,62.73,64.06,61.75,63.26,4236600,63.26
2008-12-08,66.25,66.79,63.04,63.84,3364200,63.84
2008-12-05,63.05,65.77,60.53,65.53,3697200,65.53
2008-12-04,62.53,62.97,60.48,61.21,2981800,61.21
2008-12-03,58.76,63.65,58.52,63.56,4167900,63.56
2008-12-02,58.56,60.16,57.80,60.04,3379200,60.04
2008-12-01,63.09,63.70,57.61,57.70,6384800,57.70
2008-11-28,64.44,64.94,63.23,64.02,1088900,64.02
2008-11-26,65.36,65.74,63.18,64.71,3481900,64.71
2008-11-25,68.40,69.88,64.91,65.32,4084200,65.32
2008-11-24,68.43,68.43,66.33,67.45,4062100,67.45
2008-11-21,68.24,68.24,63.75,67.19,6213000,67.19
2008-11-20,67.89,69.76,66.65,66.87,4594500,66.87
2008-11-19,70.14,70.65,68.00,68.00,4027700,68.00
2008-11-18,69.34,70.77,68.60,70.31,4390800,70.31
2008-11-17,69.24,70.73,68.34,69.38,3824500,69.38
2008-11-14,70.44,71.45,69.00,69.14,3095400,69.14
2008-11-13,68.15,70.85,65.82,70.83,4327200,70.83
2008-11-12,69.06,70.85,68.02,68.27,2955300,68.27
2008-11-11,70.02,70.62,69.08,69.58,2183000,69.58
2008-11-10,72.20,72.68,70.06,70.83,2501400,70.83
2008-11-07,70.73,71.19,69.06,70.38,3451900,70.38
2008-11-06,70.53,71.26,69.74,69.89,3931200,69.89
2008-11-05,74.15,74.60,70.88,70.90,4216300,70.90
2008-11-04,74.49,75.10,73.37,74.60,3701400,74.60
2008-11-03,73.06,74.40,72.45,73.54,3576400,73.54
2008-10-31,70.68,72.88,69.25,72.88,3862900,72.88
2008-10-30,71.52,71.99,67.31,70.20,4691800,70.20
2008-10-29,73.01,73.73,69.94,70.39,4674700,70.39
2008-10-28,67.13,73.72,65.83,73.57,5426100,73.57
2008-10-27,66.35,69.17,65.52,65.70,3297000,65.70
2008-10-24,64.64,69.50,64.19,67.45,4062600,67.45
2008-10-23,65.56,68.87,64.00,67.64,5165700,67.64
2008-10-22,69.06,69.88,64.11,66.11,6287400,66.11
2008-10-21,66.33,70.23,65.32,68.32,4838300,68.32
2008-10-20,62.99,66.89,62.99,66.76,3260100,66.76
2008-10-17,62.00,67.32,61.86,63.31,6845100,63.31
2008-10-16,63.90,66.16,62.07,65.78,4726700,65.78
2008-10-15,69.85,71.39,63.48,63.98,4020300,63.98
2008-10-14,73.94,74.50,70.51,70.51,5579000,70.51
2008-10-13,65.90,73.56,64.55,73.17,4880600,73.17
2008-10-10,62.63,68.92,60.28,64.59,7701600,64.59
2008-10-09,69.50,70.61,63.45,64.13,5180700,64.13
2008-10-08,68.34,72.98,68.25,68.98,5576600,68.98
2008-10-07,73.60,75.20,70.92,70.92,4091500,70.92
2008-10-06,76.59,77.27,69.67,72.69,4822300,72.69
2008-10-03,79.98,80.41,76.50,76.77,3068700,76.77
2008-10-02,80.25,81.09,78.09,78.10,2558800,78.10
2008-10-01,80.06,81.16,79.00,80.33,2532200,80.33
2008-09-30,77.40,81.08,77.40,80.89,3604600,80.89
2008-09-29,80.19,81.96,77.00,77.09,3771200,77.09
2008-09-26,79.34,81.63,78.54,81.16,2168800,81.16
2008-09-25,79.29,80.86,78.88,80.44,2607600,80.44
2008-09-24,76.40,79.36,75.85,78.49,2800800,78.49
2008-09-23,76.90,77.65,74.26,76.22,2680000,76.22
2008-09-22,79.01,80.58,76.75,76.84,2365600,76.84
2008-09-19,82.49,82.99,67.00,80.67,6332100,80.67
2008-09-18,79.29,80.49,77.09,80.39,5066400,80.39
2008-09-17,79.27,80.46,78.27,78.52,5011200,78.52
2008-09-16,80.48,81.95,79.96,80.42,4469500,80.42
2008-09-15,79.72,81.67,78.67,79.65,3497200,79.65
2008-09-12,80.21,80.63,79.33,79.85,2388200,79.85
2008-09-11,78.75,80.62,78.75,80.50,2641000,80.50
2008-09-10,78.64,80.17,77.42,79.75,3163700,79.75
2008-09-09,77.81,78.66,77.28,77.88,2564100,77.88
2008-09-08,77.50,78.87,77.00,78.07,3689200,78.07
2008-09-05,75.49,76.67,74.54,76.12,3329300,76.12
2008-09-04,77.62,77.87,75.10,75.10,4865300,75.10
2008-09-03,78.22,78.43,77.27,78.22,2319400,78.22
2008-09-02,79.39,80.17,77.82,77.84,2298000,77.84
2008-08-29,79.16,79.45,77.98,78.30,1663700,78.30
2008-08-28,78.11,79.52,78.11,79.24,1373300,79.24
2008-08-27,79.12,79.20,77.60,78.34,1690200,78.34
2008-08-26,78.10,79.17,77.88,78.77,2131000,78.77
2008-08-25,80.11,80.15,77.88,78.20,2316800,78.20
2008-08-22,79.92,80.61,79.44,80.11,1271600,80.11
2008-08-21,80.66,80.91,79.16,79.89,2707700,79.89
2008-08-20,82.30,82.69,80.97,81.29,3038800,81.29
2008-08-19,81.86,83.26,81.51,82.18,2257600,82.18
2008-08-18,83.06,83.78,81.89,82.28,2677200,82.28
2008-08-15,83.27,83.97,82.61,83.06,3663300,83.06
2008-08-14,80.00,83.31,79.58,83.25,5346100,83.25
2008-08-13,79.73,80.73,79.47,80.46,3108600,80.46
2008-08-12,78.56,80.00,78.12,79.53,2743000,79.53
2008-08-11,79.17,79.24,78.18,78.80,2123300,78.80
2008-08-08,77.22,78.92,76.55,78.82,2361600,78.82
2008-08-07,78.43,79.33,76.87,77.07,2748100,77.07
2008-08-06,78.00,79.65,77.51,79.03,2894200,79.03
2008-08-05,76.81,78.08,76.51,78.08,3127200,78.08
2008-08-04,76.29,76.99,75.05,75.78,1469100,75.78
2008-08-01,77.05,77.53,75.43,76.18,2423500,76.18
2008-07-31,76.40,77.98,75.54,76.65,3213200,76.65
2008-07-30,75.56,76.29,74.84,76.07,2906300,76.07
2008-07-29,75.25,76.41,74.80,75.34,3366500,75.34
2008-07-28,76.25,76.87,75.89,76.21,3729000,76.21
2008-07-25,76.08,76.28,75.16,75.71,2808500,75.71
2008-07-24,74.91,76.87,74.23,75.34,3791800,75.34
2008-07-23,77.18,77.97,75.56,75.92,6600500,75.92
2008-07-22,79.92,80.99,78.31,79.30,5102200,79.30
2008-07-21,78.58,80.00,78.55,79.77,4014400,79.77
2008-07-18,78.92,79.61,77.95,78.23,3666800,78.23
2008-07-17,79.62,79.74,78.27,78.76,3302300,78.76
2008-07-16,78.95,79.90,77.01,78.97,4136300,78.97
2008-07-15,77.39,79.85,77.17,79.38,5393300,79.38
2008-07-14,77.93,77.93,76.54,76.94,3832100,76.94
2008-07-11,74.75,76.71,74.75,75.67,3520300,75.67
2008-07-10,76.17,76.88,75.19,75.77,3900900,75.77
2008-07-09,75.01,77.19,74.12,75.57,3155300,75.57
2008-07-08,72.61,77.20,72.56,76.88,5762800,76.88
2008-07-07,73.30,73.36,71.87,72.79,2715600,72.79
2008-07-03,73.26,74.58,72.68,73.03,2356500,73.03
2008-07-02,72.39,73.25,71.44,72.46,2392100,72.46
2008-07-01,72.33,72.63,71.31,72.63,3771100,72.63
2008-06-30,71.71,72.69,71.52,71.88,2381500,71.88
2008-06-27,71.45,73.57,71.36,72.55,3761400,72.55
2008-06-26,71.89,72.35,71.13,71.50,3362900,71.50
2008-06-25,70.87,72.95,70.26,72.03,3237500,72.03
2008-06-24,69.49,70.98,69.45,70.57,2982400,70.57
2008-06-23,69.21,70.33,68.77,70.00,2549700,70.00
2008-06-20,68.86,69.00,67.65,68.92,3805500,68.92
2008-06-19,66.30,69.43,66.06,69.32,3121400,69.32
2008-06-18,66.87,67.42,66.20,66.67,2059700,66.67
2008-06-17,68.70,68.87,67.15,67.32,2329300,67.32
2008-06-16,68.30,69.28,68.24,68.79,1975500,68.79
2008-06-13,67.29,68.76,67.29,68.74,2656500,68.74
2008-06-12,65.62,66.86,65.27,66.74,2595000,66.74
2008-06-11,66.90,66.95,65.21,65.22,2071500,65.22
2008-06-10,66.86,67.59,66.67,66.96,1360700,66.96
2008-06-09,67.82,67.96,66.30,67.05,1875000,67.05
2008-06-06,69.07,69.32,67.91,67.93,2009000,67.93
2008-06-05,69.02,69.82,68.36,69.45,2304800,69.45
2008-06-04,67.60,69.00,66.73,68.41,1625100,68.41
2008-06-03,67.79,68.52,66.48,66.94,2952900,66.94
2008-06-02,67.92,68.41,66.87,67.66,1973100,67.66
2008-05-30,68.55,68.91,67.76,68.46,1865400,68.46
2008-05-29,67.57,69.38,66.94,68.55,2309200,68.55
2008-05-28,67.66,68.55,66.62,67.18,2447200,67.18
2008-05-27,67.79,69.10,67.79,68.86,1537300,68.86
2008-05-23,67.56,68.55,67.56,68.24,1591100,68.24
2008-05-22,67.65,68.94,67.20,68.48,1570300,68.48
2008-05-21,68.80,68.94,67.02,67.19,2442800,67.19
2008-05-20,69.09,69.80,67.94,68.43,1856400,68.43
2008-05-19,68.87,69.08,67.83,68.94,2825600,68.94
2008-05-16,70.05,70.14,68.07,69.08,3330000,69.08
2008-05-15,69.75,70.22,69.11,69.63,1802300,69.63
2008-05-14,69.53,70.87,68.01,69.91,3663500,69.91
2008-05-13,69.10,69.10,67.46,68.01,3296800,68.01
2008-05-12,69.39,69.56,68.07,68.98,2307300,68.98
2008-05-09,68.79,69.84,68.38,69.54,1922300,69.54
2008-05-08,69.50,70.15,68.91,69.38,2657700,69.38
2008-05-07,69.86,70.71,68.90,69.07,2726900,69.07
2008-05-06,69.80,71.35,69.69,70.21,2630900,70.21
2008-05-05,69.81,70.37,69.24,69.97,1812500,69.97
2008-05-02,71.96,71.98,69.59,70.49,2705800,70.49
2008-05-01,70.49,71.99,70.10,71.40,2423200,71.40
2008-04-30,71.72,71.94,70.20,70.35,1917700,70.35
2008-04-29,71.75,71.90,70.78,71.25,2282900,71.25
2008-04-28,72.49,73.13,71.94,71.94,2005000,71.94
2008-04-25,72.69,73.15,72.00,72.49,2351700,72.49
2008-04-24,73.51,74.30,71.47,73.34,2514000,73.34
2008-04-23,71.35,73.92,71.01,73.53,3916800,73.53
2008-04-22,72.29,73.24,70.79,71.55,4173600,71.55
2008-04-21,74.50,74.79,73.76,74.09,1692100,74.09
2008-04-18,75.23,75.23,73.31,74.74,2188800,74.74
2008-04-17,73.22,74.26,72.11,73.40,1527800,73.40
2008-04-16,72.41,73.20,72.16,73.05,2412000,73.05
2008-04-15,73.65,74.23,72.01,72.36,2051200,72.36
2008-04-14,73.80,73.81,72.57,73.42,1142700,73.42
2008-04-11,74.30,74.80,72.96,73.21,2118400,73.21
2008-04-10,72.92,75.15,72.78,74.70,2455400,74.70
2008-04-09,71.96,73.22,71.88,72.90,2201600,72.90
2008-04-08,74.89,74.89,73.18,73.32,2180100,73.32
2008-04-07,75.95,75.95,74.58,74.89,1814800,74.89
2008-04-04,75.09,76.76,74.60,75.75,2210900,75.75
2008-04-03,75.18,75.84,74.02,74.58,1632600,74.58
2008-04-02,75.99,76.00,74.73,74.95,1812400,74.95
2008-04-01,75.39,76.30,74.84,75.79,3006900,75.79
2008-03-31,73.64,74.89,73.29,74.54,2880300,74.54
2008-03-28,74.49,74.65,72.68,73.04,1825800,73.04
2008-03-27,72.81,74.40,72.81,73.40,2154700,73.40
2008-03-26,72.81,73.83,72.01,73.23,1581700,73.23
2008-03-25,73.49,74.07,72.72,73.38,2400100,73.38
2008-03-24,71.97,73.51,71.76,73.28,2013800,73.28
2008-03-20,70.80,71.86,69.35,71.86,3523900,71.86
2008-03-19,72.24,73.01,70.41,70.41,2235800,70.41
2008-03-18,69.51,71.00,67.38,71.00,3986600,71.00
2008-03-17,71.32,72.85,68.48,68.48,5106700,68.48
2008-03-14,74.01,74.74,70.93,72.07,3588000,72.07
2008-03-13,72.77,74.74,72.36,74.01,3224600,74.01
2008-03-12,74.92,75.44,73.85,74.26,2402800,74.26
2008-03-11,72.11,74.60,72.01,74.59,3113900,74.59
2008-03-10,73.28,73.34,71.04,71.55,2926900,71.55
2008-03-07,72.58,73.55,72.00,73.46,2722400,73.46
2008-03-06,73.88,75.16,72.37,72.37,2612500,72.37
2008-03-05,74.09,74.99,73.65,74.93,3169700,74.93
2008-03-04,72.04,74.45,71.34,73.63,3068000,73.63
2008-03-03,70.99,72.79,70.99,72.21,2961800,72.21
2008-02-29,73.50,73.52,70.73,70.92,2787000,70.92
2008-02-28,71.98,73.72,71.86,73.15,2126400,73.15
2008-02-27,72.87,73.65,72.33,72.60,1693600,72.60
2008-02-26,72.78,74.30,72.36,73.24,2775400,73.24
2008-02-25,70.38,72.75,70.13,72.51,4104000,72.51
2008-02-22,71.95,71.95,69.49,70.38,3271300,70.38
2008-02-21,72.40,72.60,71.11,71.46,2155600,71.46
2008-02-20,71.87,72.60,70.79,72.56,2426600,72.56
2008-02-19,73.62,73.72,71.84,72.00,2501300,72.00
2008-02-15,72.16,72.70,70.59,72.54,3005600,72.54
2008-02-14,75.25,75.58,71.79,72.70,4774900,72.70
2008-02-13,77.49,78.62,74.78,75.30,4025300,75.30
2008-02-12,76.98,77.27,76.16,76.72,1771900,76.72
2008-02-11,76.34,76.99,75.42,76.63,1671200,76.63
2008-02-08,75.73,76.28,75.00,76.11,2020500,76.11
2008-02-07,75.81,76.55,74.59,76.04,2103100,76.04
2008-02-06,75.40,77.49,75.27,75.92,2048400,75.92
2008-02-05,76.76,77.58,75.33,75.61,1955800,75.61
2008-02-04,77.84,78.54,77.22,78.12,1601000,78.12
2008-02-01,78.60,79.00,76.57,77.60,2544200,77.60
2008-01-31,76.67,78.55,76.22,78.13,2914400,78.13
2008-01-30,75.85,78.72,75.25,77.14,3433700,77.14
2008-01-29,75.74,76.49,74.53,75.82,2421800,75.82
2008-01-28,74.05,75.19,73.52,75.12,2743800,75.12
2008-01-25,74.41,74.79,73.24,73.67,3054700,73.67
2008-01-24,76.22,76.22,73.35,74.22,3668700,74.22
2008-01-23,74.45,76.94,74.00,76.25,4081000,76.25
2008-01-22,74.63,77.38,74.00,76.49,4300800,76.49
2008-01-18,80.34,81.53,76.13,76.83,5780300,76.83
2008-01-17,78.35,82.08,78.31,81.13,5931000,81.13
2008-01-16,78.70,80.89,78.56,79.73,4738600,79.73
2008-01-15,77.53,79.30,77.53,78.50,3196800,78.50
2008-01-14,78.56,79.20,77.77,78.68,2266900,78.68
2008-01-11,77.60,79.70,77.56,78.56,2564800,78.56
2008-01-10,78.77,79.50,77.49,78.08,2555600,78.08
2008-01-09,77.33,79.70,77.07,79.31,4818800,79.31
2008-01-08,74.97,78.68,74.00,77.41,5646300,77.41
2008-01-07,74.82,77.39,74.10,77.10,2949800,77.10
2008-01-04,75.40,77.51,75.05,75.05,3009500,75.05
2008-01-03,75.00,75.92,74.41,75.41,1707900,75.41
2008-01-02,74.59,75.49,74.00,74.75,2286400,74.75
2007-12-31,75.39,75.78,74.14,74.44,1206400,74.44
2007-12-28,76.06,76.26,75.40,75.99,958900,75.99
2007-12-27,76.58,76.65,75.33,75.36,979900,75.36
2007-12-26,75.57,76.72,75.50,76.71,793200,76.71
2007-12-24,75.98,76.71,75.16,76.60,731200,76.60
2007-12-21,75.56,76.45,75.14,76.45,4339600,76.45
2007-12-20,73.83,75.64,73.80,75.08,2601800,75.08
2007-12-19,73.39,73.39,71.54,72.58,2227700,72.58
2007-12-18,73.76,74.04,72.15,73.35,2034500,73.35
2007-12-17,74.86,75.22,72.89,73.53,2906500,73.53
2007-12-14,73.40,75.78,73.38,74.87,3400800,74.87
2007-12-13,73.16,73.91,71.66,73.72,4006000,73.72
2007-12-12,72.65,74.18,72.53,73.69,2669400,73.69
2007-12-11,72.98,73.95,72.04,72.19,1936500,72.19
2007-12-10,72.76,73.35,72.18,73.19,1171800,73.19
2007-12-07,73.40,73.40,71.96,72.40,1603800,72.40
2007-12-06,74.07,74.08,72.04,73.17,2252100,73.17
2007-12-05,72.67,73.66,72.53,73.65,2069000,73.65
2007-12-04,73.09,73.32,72.18,72.58,1741800,72.58
2007-12-03,74.42,75.45,73.32,73.50,2578400,73.50
2007-11-30,74.66,75.54,74.42,74.93,2092800,74.93
2007-11-29,74.35,75.25,73.81,74.89,2159600,74.89
2007-11-28,74.27,74.90,72.99,74.61,2613200,74.61
2007-11-27,71.19,73.70,70.90,73.53,3297700,73.53
2007-11-26,72.00,72.23,70.71,70.79,1735000,70.79
2007-11-23,71.96,72.44,71.43,72.17,617400,72.17
2007-11-21,72.20,73.16,71.68,71.74,1860200,71.74
2007-11-20,72.04,72.98,71.38,72.70,2144900,72.70
2007-11-19,72.38,72.83,71.11,72.17,2357800,72.17
2007-11-16,73.18,73.47,72.41,72.87,3097100,72.87
2007-11-15,71.40,73.50,71.40,72.84,4173300,72.84
2007-11-14,72.05,72.26,70.70,70.76,2731800,70.76
2007-11-13,69.85,72.17,69.83,72.16,3413200,72.16
2007-11-12,69.44,71.63,69.15,69.92,3667600,69.92
2007-11-09,70.05,70.22,68.59,68.89,3996000,68.89
2007-11-08,69.99,72.38,69.85,70.87,4472200,70.87
2007-11-07,73.36,74.00,71.28,71.35,2427800,71.35
2007-11-06,74.42,74.75,72.96,74.14,1709000,74.14
2007-11-05,74.58,74.61,73.17,74.33,1725100,74.33
2007-11-02,74.41,75.29,72.99,74.72,2642000,74.72
2007-11-01,75.08,76.30,73.82,73.96,1796800,73.96
2007-10-31,76.00,76.37,74.32,75.97,2113400,75.97
2007-10-30,73.30,76.50,73.08,75.87,2586700,75.87
2007-10-29,75.10,75.53,73.36,73.55,2118500,73.55
2007-10-26,74.90,75.90,74.48,75.01,1718500,75.01
2007-10-25,76.07,76.90,74.35,75.08,2901100,75.08
2007-10-24,75.49,76.33,74.50,75.73,5446600,75.73
2007-10-23,72.75,73.99,70.90,73.51,2970400,73.51
2007-10-22,71.67,73.32,71.34,71.71,2056800,71.71
2007-10-19,72.79,73.55,71.57,71.60,3364500,71.60
2007-10-18,73.00,73.67,72.49,72.83,1654700,72.83
2007-10-17,73.31,74.28,71.81,73.00,3508300,73.00
2007-10-16,73.98,74.30,73.05,73.46,3092700,73.46
2007-10-15,73.95,76.90,73.95,74.77,9882200,74.77
2007-10-12,70.51,71.79,70.24,71.71,2851300,71.71
2007-10-11,70.00,72.00,69.58,70.21,4013500,70.21
2007-10-10,69.10,70.33,68.87,70.11,3822800,70.11
2007-10-09,67.92,69.34,67.38,69.30,2600700,69.30
2007-10-08,68.18,68.62,67.60,68.37,1397000,68.37
2007-10-05,67.88,69.07,66.83,68.61,2825800,68.61
2007-10-04,67.60,68.06,67.46,67.85,2710500,67.85
2007-10-03,65.37,69.48,65.20,67.78,7088900,67.78
2007-10-02,64.05,65.97,63.75,65.50,3673900,65.50
2007-10-01,62.46,64.47,62.30,64.22,3771400,64.22
2007-09-28,62.84,62.89,61.18,61.96,3037400,61.96
2007-09-27,63.56,63.58,62.39,62.82,1540600,62.82
2007-09-26,63.44,63.52,62.59,63.13,1677200,63.13
2007-09-25,62.30,63.20,62.30,63.13,1817900,63.13
2007-09-24,62.08,62.50,61.16,62.50,1558300,62.50
2007-09-21,63.01,63.31,62.14,62.17,3550900,62.17
2007-09-20,63.84,64.21,62.68,62.84,2389000,62.84
2007-09-19,64.57,64.57,63.69,64.14,1499000,64.14
2007-09-18,62.54,64.52,62.54,64.27,2317100,64.27
2007-09-17,62.76,63.27,61.94,62.52,1233100,62.52
2007-09-14,63.33,63.56,62.61,63.07,1744200,63.07
2007-09-13,64.80,64.95,63.40,63.50,2342400,63.50
2007-09-12,63.62,65.01,63.45,64.50,2435700,64.50
2007-09-11,62.70,64.10,62.70,64.07,2249800,64.07
2007-09-10,63.14,63.65,62.30,62.95,1876100,62.95
2007-09-07,62.84,63.47,62.45,62.90,1838200,62.90
2007-09-06,62.82,64.00,62.40,63.47,2148300,63.47
2007-09-05,62.94,63.53,62.32,62.45,2289200,62.45
2007-09-04,62.16,63.72,62.00,63.29,2628400,63.29
2007-08-31,61.85,62.45,61.41,62.41,1828800,62.41
2007-08-30,60.50,61.81,60.03,61.42,2237400,61.42
2007-08-29,59.23,60.61,58.81,60.61,1960200,60.61
2007-08-28,59.20,59.57,58.81,58.97,1755000,58.97
2007-08-27,60.18,60.57,59.50,59.50,1407800,59.50
2007-08-24,59.99,60.48,59.61,60.28,1668500,60.28
2007-08-23,60.54,60.80,59.94,60.24,1783100,60.24
2007-08-22,59.79,61.12,59.53,60.53,2634600,60.53
2007-08-21,59.29,59.72,59.01,59.58,1970800,59.58
2007-08-20,60.11,60.28,58.71,59.18,2953200,59.18
2007-08-17,60.24,61.38,59.28,60.00,3529200,60.00
2007-08-16,60.03,60.85,59.00,60.14,3107700,60.14
2007-08-15,60.37,62.30,60.08,60.12,2549400,60.12
2007-08-14,60.52,61.39,60.00,60.63,2053300,60.63
2007-08-13,60.00,60.91,59.91,60.22,3424700,60.22
2007-08-10,60.06,60.96,59.24,59.55,4646900,59.55
2007-08-09,62.10,62.79,60.09,60.48,4165800,60.48
2007-08-08,64.35,64.60,62.03,62.82,3700200,62.82
2007-08-07,64.98,65.21,63.01,64.22,5255800,64.22
2007-08-06,64.61,65.73,64.28,65.69,3356800,65.69
2007-08-03,64.84,65.14,64.10,64.10,4136100,64.10
2007-08-02,64.15,64.81,63.20,64.53,3907200,64.53
2007-08-01,63.00,64.00,62.48,63.43,3465700,63.43
2007-07-31,63.68,63.99,62.91,63.07,3535900,63.07
2007-07-30,63.67,63.71,62.83,63.25,4356500,63.25
2007-07-27,64.45,65.16,63.17,63.21,4044900,63.21
2007-07-26,62.58,64.73,62.58,64.31,6008400,64.31
2007-07-25,62.44,64.43,60.49,63.98,7317200,63.98
2007-07-24,60.27,61.48,60.10,60.49,3093400,60.49
2007-07-23,60.85,61.51,59.76,60.31,2246600,60.31
2007-07-20,61.06,61.71,60.39,60.85,3400900,60.85
2007-07-19,62.40,62.61,60.60,60.88,3167700,60.88
2007-07-18,60.64,61.40,60.46,61.30,2849000,61.30
2007-07-17,60.27,61.12,60.25,60.69,2298300,60.69
2007-07-16,59.97,60.47,59.58,60.33,3325400,60.33
2007-07-13,60.85,61.09,60.13,60.26,2471700,60.26
2007-07-12,60.38,60.86,59.43,60.85,3454400,60.85
2007-07-11,59.30,60.37,59.29,60.28,3322400,60.28
2007-07-10,59.33,59.95,58.78,59.35,6131600,59.35
2007-07-09,61.20,61.32,59.79,59.81,6227200,59.81
2007-07-06,62.01,62.39,60.84,60.85,16760500,60.85
2007-07-05,65.79,65.80,64.41,64.87,1432900,64.87
2007-07-03,66.00,66.00,65.36,65.58,564000,65.58
2007-07-02,64.76,65.97,64.52,65.85,2149100,65.85
2007-06-29,65.81,66.12,63.68,64.40,2828600,64.40
2007-06-28,65.96,66.45,65.33,65.95,1870800,65.95
2007-06-27,64.72,66.02,64.14,65.96,2201900,65.96
2007-06-26,64.25,65.47,63.92,64.72,3226300,64.72
2007-06-25,63.89,64.27,63.23,63.50,2556500,63.50
2007-06-22,64.44,64.57,63.58,64.10,2379400,64.10
2007-06-21,64.50,65.00,64.09,64.75,1712200,64.75
2007-06-20,65.94,66.03,64.33,64.41,2413500,64.41
2007-06-19,65.29,66.00,65.11,65.94,2211400,65.94
2007-06-18,66.54,66.81,65.43,65.71,2368600,65.71
2007-06-15,67.50,67.59,66.28,66.90,4317600,66.90
2007-06-14,67.33,67.89,66.98,67.14,3510400,67.14
2007-06-13,65.78,67.33,65.57,67.22,3676300,67.22
2007-06-12,65.32,66.02,65.12,65.67,2786100,65.67
2007-06-11,65.23,65.87,64.99,65.26,1512400,65.26
2007-06-08,64.61,65.66,64.32,65.15,2486200,65.15
2007-06-07,65.01,66.00,64.69,65.00,3588300,65.00
2007-06-06,65.68,65.89,64.92,65.34,2614700,65.34
2007-06-05,64.31,65.93,63.82,65.76,3281600,65.76
2007-06-04,64.89,65.85,64.61,64.92,2529400,64.92
2007-06-01,64.59,64.83,64.06,64.39,2070500,64.39
2007-05-31,64.03,64.86,63.79,64.48,3987400,64.48
2007-05-30,62.56,63.21,61.87,63.21,3090500,63.21
2007-05-29,61.54,62.74,61.40,62.56,2577900,62.56
2007-05-25,62.16,62.22,61.22,61.26,1746300,61.26
2007-05-24,62.02,62.47,61.70,62.16,2214100,62.16
2007-05-23,62.13,62.79,61.55,62.07,2518300,62.07
2007-05-22,62.67,62.80,61.83,62.22,2991000,62.22
2007-05-21,62.98,63.22,62.30,62.74,2531800,62.74
2007-05-18,63.33,64.03,62.90,63.01,3587800,63.01
2007-05-17,65.48,65.63,63.26,63.32,3280900,63.32
2007-05-16,64.88,65.57,64.52,65.40,1878500,65.40
2007-05-15,64.50,65.62,64.04,64.76,2557700,64.76
2007-05-14,64.76,65.27,64.10,64.22,1539500,64.22
2007-05-11,64.37,65.10,64.07,64.76,1852100,64.76
2007-05-10,65.41,65.58,64.05,64.14,2289100,64.14
2007-05-09,65.48,65.86,64.80,65.57,1461900,65.57
2007-05-08,66.04,66.04,65.15,65.78,1475500,65.78
2007-05-07,65.95,66.20,65.70,65.93,962000,65.93
2007-05-04,66.58,66.58,65.61,65.85,1074200,65.85
2007-05-03,66.30,66.59,65.54,66.15,1442100,66.15
2007-05-02,66.14,66.70,65.72,66.20,2167300,66.20
2007-05-01,65.13,66.51,64.55,66.22,3069800,66.22
2007-04-30,65.17,65.40,64.41,65.31,2529300,65.31
2007-04-27,64.85,65.39,64.48,65.10,1893300,65.10
2007-04-26,64.69,65.24,64.28,64.66,3465100,64.66
2007-04-25,65.78,65.85,64.30,65.07,3996800,65.07
2007-04-24,64.37,64.54,63.38,64.11,2053100,64.11
2007-04-23,63.56,64.61,63.56,64.55,2409900,64.55
2007-04-20,63.93,63.93,62.76,63.22,2559900,63.22
2007-04-19,62.38,63.42,61.97,63.23,2523800,63.23
2007-04-18,62.74,63.36,62.30,62.46,2053100,62.46
2007-04-17,62.95,63.18,62.69,62.90,1428800,62.90
2007-04-16,62.81,63.26,62.66,63.12,1795100,63.12
2007-04-13,61.88,62.74,61.76,62.54,2173800,62.54
2007-04-12,60.86,61.89,60.68,61.84,2092400,61.84
2007-04-11,61.10,61.38,60.39,60.86,2018000,60.86
2007-04-10,60.73,61.65,60.73,61.44,2276900,61.44
2007-04-09,61.60,61.93,60.82,60.82,2410600,60.82
2007-04-05,60.21,61.65,60.21,61.53,1943000,61.53
2007-04-04,60.57,60.57,59.99,60.35,2023200,60.35
2007-04-03,60.49,61.00,60.31,60.44,2158400,60.44
2007-04-02,60.06,60.44,59.79,60.06,1776700,60.06
2007-03-30,59.84,60.64,59.66,60.02,2970600,60.02
2007-03-29,59.62,60.12,59.43,60.07,2950200,60.07
2007-03-28,59.77,60.07,59.25,59.43,2670300,59.43
2007-03-27,60.65,60.65,59.65,59.70,2825500,59.70
2007-03-26,61.30,61.30,60.10,60.71,2043700,60.71
2007-03-23,61.15,61.33,60.38,60.93,1998300,60.93
2007-03-22,61.21,61.28,60.60,60.97,2636000,60.97
2007-03-21,59.84,61.00,59.31,61.00,3897200,61.00
2007-03-20,59.92,60.23,59.67,59.74,2104500,59.74
2007-03-19,59.66,60.11,59.44,59.85,3026600,59.85
2007-03-16,59.70,60.02,59.14,59.24,3089900,59.24
2007-03-15,60.40,60.40,59.53,59.86,2417500,59.86
2007-03-14,59.77,60.35,59.30,60.16,3220400,60.16
2007-03-13,59.67,60.52,59.40,59.47,4281800,59.47
2007-03-12,60.06,60.47,59.84,60.32,2813700,60.32
2007-03-09,59.52,60.72,59.43,60.15,5293000,60.15
2007-03-08,60.25,60.40,59.07,59.42,5727500,59.42
2007-03-07,60.25,60.44,59.71,59.79,2847600,59.79
2007-03-06,60.60,61.09,60.20,60.48,2276300,60.48
2007-03-05,60.92,61.38,60.13,60.17,3122400,60.17
2007-03-02,60.14,61.57,60.01,60.92,4129500,60.92
2007-03-01,60.96,61.84,60.00,61.19,4602700,61.19
2007-02-28,61.86,62.39,60.78,61.80,2815600,61.80
2007-02-27,63.01,63.33,61.15,61.56,4314700,61.56
2007-02-26,64.30,64.80,62.99,63.65,2018600,63.65
2007-02-23,63.89,64.54,63.21,64.29,1811200,64.29
2007-02-22,64.51,64.81,63.28,63.99,3040200,63.99
2007-02-21,65.59,65.76,64.50,64.58,1787200,64.58
2007-02-20,65.13,65.75,64.51,65.75,1766100,65.75
2007-02-16,66.47,66.52,64.82,65.20,2435200,65.20
2007-02-15,67.11,67.29,65.91,66.30,2878700,66.30
2007-02-14,66.50,67.84,66.10,67.30,5560000,67.30
2007-02-13,65.81,65.97,64.88,65.20,1577600,65.20
2007-02-12,65.61,66.13,64.65,65.31,2007600,65.31
2007-02-09,66.63,67.02,65.44,65.95,2348300,65.95
2007-02-08,65.51,66.88,65.28,66.62,1797100,66.62
2007-02-07,64.90,65.88,64.31,65.47,1911100,65.47
2007-02-06,65.55,65.82,64.19,64.73,1580200,64.73
2007-02-05,65.75,66.16,65.14,65.53,1199600,65.53
2007-02-02,65.85,66.22,65.34,65.92,1202400,65.92
2007-02-01,65.82,66.09,64.94,65.82,2390800,65.82
2007-01-31,65.40,65.85,64.27,65.73,2471200,65.73
2007-01-30,65.39,65.70,64.92,65.33,1508500,65.33
2007-01-29,65.00,66.07,64.88,65.21,1975900,65.21
2007-01-26,65.78,65.99,64.84,65.23,1914500,65.23
2007-01-25,66.89,67.00,65.55,65.73,2382000,65.73
2007-01-24,66.81,67.95,66.81,67.22,1714800,67.22
2007-01-23,67.06,67.67,66.59,66.91,1913400,66.91
2007-01-22,67.87,68.00,66.90,67.21,1941800,67.21
2007-01-19,66.65,68.24,66.50,67.90,2182700,67.90
2007-01-18,67.78,68.07,66.50,66.86,1769900,66.86
2007-01-17,67.25,67.78,67.07,67.43,1656500,67.43
2007-01-16,67.69,68.30,66.86,67.24,1946500,67.24
2007-01-12,68.28,68.77,67.41,67.68,2566200,67.68
2007-01-11,66.58,68.28,66.30,68.23,2811600,68.23
2007-01-10,65.74,66.67,65.50,66.58,2614400,66.58
2007-01-09,66.63,67.05,64.95,65.94,3899000,65.94
2007-01-08,65.85,67.20,65.79,67.00,3738600,67.00
2007-01-05,65.39,66.66,65.09,65.95,3541100,65.95
2007-01-04,63.59,66.08,63.40,65.60,5025700,65.60
2007-01-03,61.48,63.78,60.53,62.15,3297400,62.15
2006-12-29,61.45,62.05,61.16,61.58,1061100,61.58
2006-12-28,61.73,62.22,61.43,61.65,1531800,61.65
2006-12-27,62.40,62.78,61.70,61.74,1102800,61.74
2006-12-26,61.71,62.13,61.58,61.79,633300,61.79
2006-12-22,62.89,62.99,61.72,62.00,1567900,62.00
2006-12-21,62.82,63.53,62.51,63.00,1310700,63.00
2006-12-20,62.59,63.37,62.35,62.97,1240300,62.97
2006-12-19,62.82,63.50,62.26,62.73,2066800,62.73
2006-12-18,64.27,64.27,62.43,63.05,1876000,63.05
2006-12-15,63.50,64.21,62.88,63.39,5639400,63.39
2006-12-14,60.31,62.41,60.27,61.08,3599600,61.08
2006-12-13,61.50,61.50,59.71,60.19,2909400,60.19
2006-12-12,62.61,62.69,60.79,61.01,2880300,61.01
2006-12-11,61.86,62.65,61.41,62.12,2334100,62.12
2006-12-08,61.10,63.66,60.92,62.24,2450100,62.24
2006-12-07,63.25,63.60,61.59,61.64,1925500,61.64
2006-12-06,62.87,63.19,62.10,62.96,1319500,62.96
2006-12-05,63.16,63.41,62.60,62.95,1677200,62.95
2006-12-04,63.08,63.78,62.78,63.27,1733100,63.27
2006-12-01,64.07,64.35,62.04,62.77,3310000,62.77
2006-11-30,64.46,64.76,63.62,64.46,1457300,64.46
2006-11-29,64.33,64.86,63.55,64.43,1297000,64.43
2006-11-28,64.14,64.48,63.43,63.99,1693400,63.99
2006-11-27,64.92,65.63,63.78,64.27,2084300,64.27
2006-11-24,65.32,65.72,64.82,65.17,606900,65.17
2006-11-22,66.01,66.08,65.22,65.60,1981300,65.60
2006-11-21,67.22,67.48,65.68,66.05,1816600,66.05
2006-11-20,67.29,67.95,66.72,67.41,1524700,67.41
2006-11-17,66.23,67.89,66.23,67.76,2076700,67.76
2006-11-16,66.19,66.68,65.75,66.33,1303600,66.33
2006-11-15,66.34,66.90,65.78,65.78,1735900,65.78
2006-11-14,65.63,66.27,64.68,66.07,2368400,66.07
2006-11-13,65.82,66.37,65.39,65.39,1661400,65.39
2006-11-10,66.26,66.37,65.38,65.82,2099800,65.82
2006-11-09,67.18,67.44,65.80,66.03,2760900,66.03
2006-11-08,67.48,68.00,66.48,67.60,2202500,67.60
2006-11-07,67.11,68.00,67.01,67.51,1755300,67.51
2006-11-06,66.45,67.50,66.38,67.05,1166800,67.05
2006-11-03,66.57,66.64,65.62,66.18,1675300,66.18
2006-11-02,66.61,66.82,66.05,66.29,2131100,66.29
2006-11-01,67.70,67.86,66.35,66.76,1817000,66.76
2006-10-31,67.73,67.81,66.79,67.51,1937000,67.51
2006-10-30,66.94,68.25,66.14,67.88,3258300,67.88
2006-10-27,69.31,69.81,68.57,68.69,1514500,68.69
2006-10-26,68.35,70.10,67.83,69.67,1616800,69.67
2006-10-25,69.05,69.59,68.05,68.39,1518300,68.39
2006-10-24,69.87,70.13,69.01,69.15,2064900,69.15
2006-10-23,68.87,70.00,68.19,69.80,1923800,69.80
2006-10-20,69.19,69.34,67.97,69.09,1874900,69.09
2006-10-19,69.50,70.07,68.66,68.95,2679300,68.95
2006-10-18,69.64,70.50,68.86,70.07,2521800,70.07
2006-10-17,68.14,69.65,68.06,69.08,2094400,69.08
2006-10-16,67.36,68.75,67.22,68.62,2814800,68.62
2006-10-13,66.68,67.41,66.16,67.29,1724900,67.29
2006-10-12,65.79,67.38,64.66,66.90,6643700,66.90
2006-10-11,67.24,68.33,66.66,67.98,2598400,67.98
2006-10-10,69.54,69.90,67.50,68.36,2141800,68.36
2006-10-09,69.49,69.99,69.14,69.50,1063400,69.50
2006-10-06,69.57,69.68,68.55,69.61,915700,69.61
2006-10-05,68.79,69.82,68.42,69.59,1612900,69.59
2006-10-04,67.44,69.16,67.14,69.14,2446400,69.14
2006-10-03,66.92,67.99,66.40,67.56,1389400,67.56
2006-10-02,67.85,69.00,64.00,66.71,2461100,66.71
2006-09-29,68.00,68.09,67.37,67.47,1304000,67.47
2006-09-28,67.95,68.44,67.16,68.09,1486800,68.09
2006-09-27,66.04,67.80,65.83,67.78,2542300,67.78
2006-09-26,65.36,66.04,64.64,66.00,2108800,66.00
2006-09-25,65.90,66.16,64.60,65.63,2113700,65.63
2006-09-22,65.70,65.95,64.91,65.60,1412700,65.60
2006-09-21,66.01,67.25,65.63,65.82,1988100,65.82
2006-09-20,65.55,66.33,65.24,65.75,1646100,65.75
2006-09-19,66.50,66.99,65.12,65.25,3043000,65.25
2006-09-18,68.50,68.81,66.82,67.31,2200100,67.31
2006-09-15,68.84,68.97,68.02,68.81,3588800,68.81
2006-09-14,67.25,69.19,66.84,68.35,3312700,68.35
2006-09-13,66.00,66.63,65.46,66.55,1322600,66.55
2006-09-12,65.35,66.22,64.22,66.17,1690200,66.17
2006-09-11,65.69,65.69,64.42,65.23,1822700,65.23
2006-09-08,65.38,66.10,64.69,65.79,990600,65.79
2006-09-07,65.64,66.12,64.87,65.07,1278600,65.07
2006-09-06,66.85,66.98,65.56,65.71,1392900,65.71
2006-09-05,66.43,67.34,66.05,67.25,1688600,67.25
2006-09-01,66.23,66.92,65.99,66.64,1936900,66.64
2006-08-31,65.93,66.91,65.91,66.23,1523100,66.23
2006-08-30,66.76,66.77,65.56,66.28,1165900,66.28
2006-08-29,66.17,66.70,65.28,66.67,1648200,66.67
2006-08-28,65.24,66.63,65.03,66.27,1603800,66.27
2006-08-25,65.39,66.10,64.86,65.16,1233200,65.16
2006-08-24,66.49,66.52,64.88,65.25,2135700,65.25
2006-08-23,67.27,67.39,66.00,66.15,1895700,66.15
2006-08-22,68.38,68.72,67.33,67.39,1338000,67.39
2006-08-21,68.72,69.04,68.16,68.45,799900,68.45
2006-08-18,68.86,68.99,68.06,68.74,1337600,68.74
2006-08-17,69.34,69.49,68.19,68.70,1228400,68.70
2006-08-16,67.98,69.22,67.69,69.22,2012100,69.22
2006-08-15,67.02,67.93,66.51,67.37,1429000,67.37
2006-08-14,67.00,67.99,66.45,66.51,1336500,66.51
2006-08-11,66.81,66.84,66.00,66.65,902100,66.65
2006-08-10,66.60,67.50,66.38,66.79,1358300,66.79
2006-08-09,67.46,68.15,66.76,66.87,1564100,66.87
2006-08-08,67.82,67.84,66.37,67.33,2421700,67.33
2006-08-07,68.81,68.98,67.25,67.76,2402700,67.76
2006-08-04,70.20,70.31,68.25,69.04,2152100,69.04
2006-08-03,69.50,70.09,68.74,69.82,2175200,69.82
2006-08-02,67.90,69.77,67.68,69.51,3141400,69.51
2006-08-01,67.70,68.40,67.29,68.00,1922200,68.00
2006-07-31,67.67,68.59,67.15,68.38,2208300,68.38
2006-07-28,67.09,68.39,66.96,68.15,2305000,68.15
2006-07-27,67.12,67.50,66.02,66.66,2193400,66.66
2006-07-26,66.22,67.42,66.05,67.01,2064100,67.01
2006-07-25,66.20,66.70,65.29,66.36,1921700,66.36
2006-07-24,63.86,66.18,63.86,66.18,2468800,66.18
2006-07-21,64.67,65.01,63.69,63.91,2308300,63.91
2006-07-20,64.36,65.24,63.97,65.00,2881100,65.00
2006-07-19,63.00,65.01,62.81,64.44,3207200,64.44
2006-07-18,62.68,63.75,62.01,62.94,2689400,62.94
2006-07-17,62.41,63.23,61.93,62.79,2494500,62.79
2006-07-14,62.84,63.50,62.10,62.41,2743300,62.41
2006-07-13,62.51,63.85,61.06,62.94,4564200,62.94
2006-07-12,60.63,63.57,60.60,62.74,9532100,62.74
2006-07-11,58.11,58.94,57.74,57.98,3556900,57.98
2006-07-10,59.25,59.96,58.30,58.71,2371000,58.71
2006-07-07,59.70,60.39,59.10,59.36,1668300,59.36
2006-07-06,60.38,60.75,59.57,59.85,2637100,59.85
2006-07-05,60.87,61.29,60.03,60.42,2578200,60.42
2006-07-03,61.42,61.60,60.76,61.31,1104100,61.31
2006-06-30,61.92,62.03,60.90,61.05,2840600,61.05
2006-06-29,61.49,61.89,60.75,61.59,2680800,61.59
2006-06-28,61.14,61.55,60.75,61.21,2015500,61.21
2006-06-27,61.37,62.21,60.95,61.11,2369400,61.11
2006-06-26,61.98,62.26,61.18,61.47,2067400,61.47
2006-06-23,61.71,62.88,61.38,61.75,1520300,61.75
2006-06-22,62.40,62.81,61.15,61.78,1854400,61.78
2006-06-21,62.42,63.48,62.34,62.68,2171500,62.68
2006-06-20,62.72,63.01,61.99,62.40,2880700,62.40
2006-06-19,64.25,64.49,62.40,62.79,2522000,62.79
2006-06-16,63.58,64.46,63.48,64.29,3926800,64.29
2006-06-15,61.65,64.00,61.23,63.98,2951600,63.98
2006-06-14,61.22,61.94,61.00,61.69,2351400,61.69
2006-06-13,60.59,61.98,60.19,61.32,3719900,61.32
2006-06-12,60.97,61.75,60.33,60.33,2286600,60.33
2006-06-09,60.75,61.84,60.19,60.24,2486200,60.24
2006-06-08,59.48,61.15,58.90,60.83,4687300,60.83
2006-06-07,59.22,60.51,59.20,59.63,2353600,59.63
2006-06-06,59.79,60.60,59.06,59.19,3646000,59.19
2006-06-05,62.30,62.75,59.69,59.80,2359700,59.80
2006-06-02,61.83,62.91,61.69,62.23,3247700,62.23
2006-06-01,59.40,61.42,59.40,61.42,2718000,61.42
2006-05-31,59.31,60.01,59.19,59.50,2423900,59.50
2006-05-30,59.70,60.36,59.26,59.35,2193800,59.35
2006-05-26,59.95,60.41,59.00,60.41,2448100,60.41
2006-05-25,58.86,59.69,57.80,58.50,3395100,58.50
2006-05-24,56.48,58.23,56.00,57.94,3376200,57.94
2006-05-23,58.50,58.84,56.42,56.42,2443300,56.42
2006-05-22,57.94,58.50,57.44,58.11,2695200,58.11
2006-05-19,57.85,58.46,56.57,58.37,4586000,58.37
2006-05-18,58.06,59.50,57.80,58.17,6573700,58.17
2006-05-17,54.90,58.23,54.73,58.06,7354800,58.06
2006-05-16,55.79,55.87,54.64,55.00,3407800,55.00
2006-05-15,55.86,56.55,55.31,55.96,3482300,55.96
2006-05-12,56.45,56.70,55.29,55.60,2361000,55.60
2006-05-11,55.76,56.99,55.20,56.68,4189100,56.68
2006-05-10,57.00,57.08,55.85,56.24,3649300,56.24
2006-05-09,57.45,57.82,56.60,56.93,4147000,56.93
2006-05-08,59.22,59.55,58.62,58.62,1754700,58.62
2006-05-05,58.33,59.93,57.69,59.43,2872400,59.43
2006-05-04,58.95,59.30,57.72,58.11,2885600,58.11
2006-05-03,58.60,59.41,58.13,58.91,2498300,58.91
2006-05-02,59.25,59.48,57.60,58.73,4393200,58.73
2006-05-01,61.09,61.24,59.30,59.42,3154100,59.42
2006-04-28,61.08,62.13,60.05,61.16,3946600,61.16
2006-04-27,59.33,61.66,59.10,61.19,3706300,61.19
2006-04-26,60.38,60.39,59.25,59.54,2593500,59.54
2006-04-25,61.10,61.48,59.73,60.13,2624500,60.13
2006-04-24,61.31,61.33,60.79,61.05,3006500,61.05
2006-04-21,62.09,62.43,60.96,61.26,3698400,61.26
2006-04-20,60.90,62.02,59.32,61.87,6926900,61.87
2006-04-19,61.80,62.91,59.73,60.65,14153000,60.65
2006-04-18,64.17,66.13,63.80,65.78,2789600,65.78
2006-04-17,64.50,65.33,63.63,64.35,1336300,64.35
2006-04-13,64.70,65.64,64.38,64.82,1499000,64.82
2006-04-12,63.33,65.06,63.27,64.89,2061900,64.89
2006-04-11,63.67,63.98,62.68,63.40,2740600,63.40
2006-04-10,63.97,65.13,63.64,63.74,3144100,63.74
2006-04-07,66.50,66.79,65.24,65.50,1783500,65.50
2006-04-06,67.85,68.47,66.00,66.31,1954600,66.31
2006-04-05,67.34,68.06,67.07,67.90,2539100,67.90
2006-04-04,66.59,67.85,65.79,67.78,1960000,67.78
2006-04-03,67.82,67.89,66.36,66.40,2192400,66.40
2006-03-31,67.38,67.64,66.90,67.22,1566900,67.22
2006-03-30,66.51,67.50,66.51,67.13,1970700,67.13
2006-03-29,65.76,67.32,65.75,66.77,2206200,66.77
2006-03-28,67.68,67.68,65.50,65.75,2298000,65.75
2006-03-27,67.56,68.20,67.12,67.51,1416700,67.51
2006-03-24,67.21,68.03,66.91,67.91,1142800,67.91
2006-03-23,67.37,67.63,66.55,67.21,1374200,67.21
2006-03-22,65.90,67.86,65.68,67.75,2145200,67.75
2006-03-21,67.54,68.04,66.19,66.43,2110000,66.43
2006-03-20,69.46,69.75,67.50,67.98,2050100,67.98
2006-03-17,69.59,70.00,68.80,69.56,2201600,69.56
2006-03-16,69.82,70.04,68.82,69.42,2255000,69.42
2006-03-15,70.49,70.51,69.14,69.98,1941500,69.98
2006-03-14,68.64,70.35,68.51,70.11,2000300,70.11
2006-03-13,68.73,69.19,67.75,68.74,1315800,68.74
2006-03-10,68.31,68.99,67.35,68.65,1401100,68.65
2006-03-09,68.50,69.25,68.06,68.54,2658600,68.54
2006-03-08,66.95,68.90,66.29,68.51,2945600,68.51
2006-03-07,66.04,67.23,65.74,67.06,1874900,67.06
2006-03-06,66.75,67.22,66.01,66.33,1702000,66.33
2006-03-03,67.51,67.66,66.41,66.72,2190200,66.72
2006-03-02,68.29,68.50,67.42,67.84,2771500,67.84
2006-03-01,69.19,69.65,68.64,68.69,2539400,68.69
2006-02-28,69.84,69.92,68.51,69.34,2228900,69.34
2006-02-27,70.51,70.51,69.91,70.00,2056500,70.00
2006-02-24,69.65,70.36,69.22,69.99,1491500,69.99
2006-02-23,70.15,70.50,69.43,69.57,2918000,69.57
2006-02-22,69.99,70.53,69.62,70.41,1777800,70.41
2006-02-21,69.83,70.01,68.61,69.75,1738700,69.75
2006-02-17,69.73,70.23,69.51,69.93,3127600,69.93
2006-02-16,70.15,70.45,69.20,69.80,3074200,69.80
2006-02-15,68.05,69.99,67.62,69.12,2458700,69.12
2006-02-14,67.70,69.15,67.38,68.38,2220000,68.38
2006-02-13,67.94,68.03,66.58,67.54,2049000,67.54
2006-02-10,67.82,68.52,65.49,68.05,3621000,68.05
2006-02-09,70.00,70.35,67.28,67.63,3681400,67.63
2006-02-08,71.07,71.08,69.80,70.05,1787700,70.05
2006-02-07,71.47,71.69,70.92,71.23,1593000,71.23
2006-02-06,70.95,72.12,70.86,71.75,1403500,71.75
2006-02-03,70.00,71.69,69.21,71.30,2444500,71.30
2006-02-02,71.83,72.00,70.09,70.23,2310100,70.23
2006-02-01,70.93,72.04,70.10,71.85,2421200,71.85
2006-01-31,70.83,71.58,70.13,70.94,1976300,70.94
2006-01-30,71.63,71.95,70.48,70.65,1280900,70.65
2006-01-27,70.68,71.92,70.60,71.33,2108600,71.33
2006-01-26,71.00,71.10,70.31,70.65,1945500,70.65
2006-01-25,69.74,70.81,69.23,70.36,1761700,70.36
2006-01-24,70.16,70.22,69.41,69.79,1596400,69.79
2006-01-23,70.25,70.30,69.13,70.07,2436300,70.07
2006-01-20,70.92,71.09,69.94,70.13,2693600,70.13
2006-01-19,71.96,72.00,70.32,70.99,2272700,70.99
2006-01-18,73.29,73.32,71.78,71.98,1895000,71.98
2006-01-17,72.29,73.36,72.15,73.22,1619000,73.22
2006-01-13,73.15,73.17,71.58,72.82,1215300,72.82
2006-01-12,73.15,73.61,70.78,72.71,2785800,72.71
2006-01-11,74.43,74.43,73.51,73.77,2102200,73.77
2006-01-10,74.07,74.50,72.80,74.42,3418900,74.42
2006-01-09,73.95,75.18,73.46,75.04,2210600,75.04
2006-01-06,74.70,75.34,74.22,74.60,2333200,74.60
2006-01-05,73.80,74.72,73.80,74.70,1540000,74.70
2006-01-04,71.75,73.88,71.22,73.83,1957300,73.83
2006-01-03,70.67,72.39,69.30,71.92,2550100,71.92
2005-12-30,71.05,71.22,70.44,70.78,944800,70.78
2005-12-29,71.96,72.72,71.19,71.30,1183700,71.30
2005-12-28,72.24,72.85,72.00,72.18,918300,72.18
2005-12-27,73.72,73.75,72.11,72.18,1190500,72.18
2005-12-23,74.14,74.55,73.07,73.38,974500,73.38
2005-12-22,73.00,73.86,72.84,73.73,1534700,73.73
2005-12-21,71.34,73.20,70.86,73.18,2332000,73.18
2005-12-20,70.09,71.49,69.84,70.72,1789300,70.72
2005-12-19,70.57,71.57,70.12,70.38,2087500,70.38
2005-12-16,73.16,73.37,70.89,71.16,3900900,71.16
2005-12-15,71.96,72.97,70.95,72.96,1604800,72.96
2005-12-14,72.56,72.90,71.70,71.79,1620200,71.79
2005-12-13,72.06,72.74,71.88,72.44,2217100,72.44
2005-12-12,72.65,72.74,71.45,72.06,1719500,72.06
2005-12-09,73.97,74.42,72.39,72.59,1871400,72.59
2005-12-08,73.90,74.52,73.13,74.00,1727700,74.00
2005-12-07,73.64,73.91,72.77,73.80,2094900,73.80
2005-12-06,74.91,75.08,73.50,73.62,1390200,73.62
2005-12-05,74.50,74.82,73.99,74.73,1860300,74.73
2005-12-02,74.75,74.95,73.80,74.69,1178600,74.69
2005-12-01,74.44,76.14,74.04,74.89,2338800,74.89
2005-11-30,74.13,74.64,73.11,74.32,3244600,74.32
2005-11-29,74.48,75.17,73.90,73.93,1732100,73.93
2005-11-28,75.15,75.15,73.70,74.22,1367300,74.22
2005-11-25,75.33,75.86,74.54,75.17,472700,75.17
2005-11-23,76.44,76.44,74.52,75.15,1508400,75.15
2005-11-22,76.70,76.77,75.70,76.40,2163600,76.40
2005-11-21,76.99,77.03,76.46,76.80,1394000,76.80
2005-11-18,77.74,77.82,76.75,77.12,2910300,77.12
2005-11-17,77.39,77.40,76.49,76.73,2783300,76.73
2005-11-16,76.55,77.54,76.39,77.53,2192500,77.53
2005-11-15,76.67,77.00,75.88,76.52,1610900,76.52
2005-11-14,76.80,77.15,75.74,76.29,2114400,76.29
2005-11-11,75.69,76.62,75.26,76.45,2198400,76.45
2005-11-10,74.75,75.62,73.92,75.36,2126300,75.36
2005-11-09,73.00,75.12,73.00,74.62,2237000,74.62
2005-11-08,71.36,74.50,71.11,73.48,4758100,73.48
2005-11-07,71.40,72.77,70.66,71.60,5542400,71.60
2005-11-04,74.37,76.06,73.48,74.82,3057700,74.82
2005-11-03,73.73,74.61,72.86,74.37,2580300,74.37
2005-11-02,71.74,73.70,71.62,73.14,1954100,73.14
2005-11-01,71.83,72.18,71.07,71.88,2461500,71.88
2005-10-31,71.76,72.76,71.39,72.30,2808500,72.30
2005-10-28,71.28,71.84,70.47,71.76,1803300,71.76
2005-10-27,71.72,71.98,70.24,70.24,2006800,70.24
2005-10-26,71.28,72.57,71.22,71.59,2052600,71.59
2005-10-25,71.77,72.24,70.97,71.53,2369100,71.53
2005-10-24,70.41,71.72,69.97,71.72,1980200,71.72
2005-10-21,70.24,70.90,69.77,70.27,2603700,70.27
2005-10-20,71.15,71.18,69.75,70.25,2068600,70.25
2005-10-19,69.60,71.25,68.89,71.20,2929700,71.20
2005-10-18,70.25,71.00,69.25,69.45,3174000,69.45
2005-10-17,69.14,69.99,68.85,69.32,1915200,69.32
2005-10-14,68.15,70.13,67.55,69.50,2519000,69.50
2005-10-13,67.67,68.85,67.20,68.09,2062200,68.09
2005-10-12,68.09,68.53,66.62,67.46,2187800,67.46
2005-10-11,68.52,69.40,67.76,68.15,2435700,68.15
2005-10-10,68.10,68.66,67.06,68.16,1897800,68.16
2005-10-07,67.85,69.20,67.25,68.69,2034500,68.69
2005-10-06,69.80,70.35,67.02,68.02,3281500,68.02
2005-10-05,71.35,71.77,69.77,69.78,1888400,69.78
2005-10-04,72.00,72.87,71.26,71.31,1909800,71.31
2005-10-03,71.71,73.00,71.67,71.76,2782300,71.76
2005-09-30,71.80,71.95,71.11,71.64,1448500,71.64
2005-09-29,70.85,72.07,69.91,71.70,1842500,71.70
2005-09-28,70.75,71.49,70.43,70.52,2268700,70.52
2005-09-27,70.33,70.33,69.28,69.38,1450600,69.38
2005-09-26,69.65,71.17,69.65,70.39,1921200,70.39
2005-09-23,70.16,70.64,69.05,69.52,1321600,69.52
2005-09-22,69.81,70.15,68.71,69.95,2261100,69.95
2005-09-21,72.00,72.10,69.89,70.00,2106000,70.00
2005-09-20,71.67,72.45,71.07,71.95,2836100,71.95
2005-09-19,72.72,72.78,71.37,71.75,1432800,71.75
2005-09-16,72.05,72.85,71.75,72.83,3832300,72.83
2005-09-15,71.92,72.10,71.31,71.66,1168500,71.66
2005-09-14,73.28,73.35,71.25,71.59,1728800,71.59
2005-09-13,72.50,73.87,72.32,73.28,1720600,73.28
2005-09-12,72.17,72.70,72.12,72.48,1098000,72.48
2005-09-09,72.48,72.73,71.74,72.27,1260600,72.27
2005-09-08,72.74,73.56,71.89,72.48,1717800,72.48
2005-09-07,71.76,73.62,71.73,73.36,1978100,73.36
2005-09-06,71.56,72.81,71.08,72.02,1762000,72.02
2005-09-02,71.84,72.37,71.12,71.73,1365700,71.73
2005-09-01,70.82,72.00,70.75,71.77,2197400,71.77
2005-08-31,69.58,71.20,69.23,71.17,2677800,71.17
2005-08-30,69.63,69.70,68.71,69.49,1829700,69.49
2005-08-29,68.31,70.48,68.03,69.79,2312000,69.79
2005-08-26,68.72,69.05,67.76,68.72,1417400,68.72
2005-08-25,69.44,69.44,68.50,68.84,1591600,68.84
2005-08-24,70.09,71.10,69.12,69.24,1678800,69.24
2005-08-23,70.32,70.81,69.80,70.04,1357000,70.04
2005-08-22,69.78,70.77,69.01,70.17,1926300,70.17
2005-08-19,68.65,70.16,68.65,69.76,2030100,69.76
2005-08-18,68.85,69.63,68.50,69.04,1525900,69.04
2005-08-17,70.12,70.35,69.01,69.01,2042600,69.01
2005-08-16,71.00,71.50,69.66,69.99,1579800,69.99
2005-08-15,70.10,71.21,70.03,71.07,1236600,71.07
2005-08-12,70.25,70.77,69.77,70.39,1771300,70.39
2005-08-11,70.97,71.33,70.37,71.02,1415400,71.02
2005-08-10,70.80,71.80,70.57,70.97,2737400,70.97
2005-08-09,69.80,71.23,69.68,70.52,1930400,70.52
2005-08-08,71.25,71.77,69.61,69.76,3429800,69.76
2005-08-05,72.30,72.84,71.57,71.75,1927900,71.75
2005-08-04,74.39,74.44,72.31,72.47,3816200,72.47
2005-08-03,74.01,74.74,73.89,74.39,2484700,74.39
2005-08-02,74.60,74.90,74.06,74.46,2309400,74.46
2005-08-01,74.88,76.17,74.35,74.86,4031900,74.86
2005-07-29,74.41,75.09,74.13,74.41,4471200,74.41
2005-07-28,70.63,75.26,70.60,75.20,13111800,75.20
2005-07-27,70.10,70.54,68.89,70.50,2342500,70.50
2005-07-26,68.15,71.06,68.12,70.03,3774800,70.03
2005-07-25,68.85,68.95,67.47,67.81,2288900,67.81
2005-07-22,70.34,70.34,68.34,68.78,2120700,68.78
2005-07-21,71.42,71.49,69.76,70.35,3959100,70.35
2005-07-20,68.97,72.10,68.78,71.75,6209200,71.75
2005-07-19,69.52,69.52,68.07,68.34,2435400,68.34
2005-07-18,69.86,69.99,67.92,68.72,5149400,68.72
2005-07-15,65.69,70.54,65.25,70.31,11336700,70.31
2005-07-14,62.96,65.45,62.89,65.30,7743400,65.30
2005-07-13,61.18,61.36,60.25,61.34,1355000,61.34
2005-07-12,61.38,61.73,60.31,60.97,2042600,60.97
2005-07-11,61.71,62.00,60.75,61.19,1977000,61.19
2005-07-08,59.87,62.12,59.00,61.97,2779900,61.97
2005-07-07,59.24,59.90,58.61,59.75,2244600,59.75
2005-07-06,59.80,60.61,59.43,59.70,2217100,59.70
2005-07-05,59.68,60.08,59.26,59.84,2538300,59.84
2005-07-01,59.94,60.76,59.73,59.73,2716700,59.73
2005-06-30,60.40,60.80,59.84,60.09,2938900,60.09
2005-06-29,60.80,61.70,60.55,60.89,1803200,60.89
2005-06-28,61.02,61.58,60.53,61.02,2016300,61.02
2005-06-27,60.57,61.60,60.30,60.41,1808700,60.41
2005-06-24,59.93,60.85,59.93,60.62,2386900,60.62
2005-06-23,61.24,61.70,59.92,60.09,3135000,60.09
2005-06-22,62.59,62.59,60.95,61.00,2518800,61.00
2005-06-21,63.22,63.73,62.06,62.07,2649300,62.07
2005-06-20,62.35,63.62,62.35,63.42,1890100,63.42
2005-06-17,62.66,63.24,62.37,62.94,3677700,62.94
2005-06-16,61.98,62.51,61.73,62.48,1715500,62.48
2005-06-15,62.12,62.13,61.22,62.00,2043400,62.00
2005-06-14,61.62,61.97,61.20,61.71,1273400,61.71
2005-06-13,61.59,62.26,60.99,61.63,1550300,61.63
2005-06-10,61.55,61.74,61.10,61.62,1666300,61.62
2005-06-09,60.30,61.72,60.25,61.55,2836200,61.55
2005-06-08,61.03,61.25,60.13,60.14,2327600,60.14
2005-06-07,61.97,62.02,60.92,61.00,2049500,61.00
2005-06-06,62.01,62.38,61.72,61.82,1983300,61.82
2005-06-03,63.29,63.49,61.89,62.12,1964000,62.12
2005-06-02,62.72,63.27,62.66,63.16,1191500,63.16
2005-06-01,62.00,63.67,61.76,63.06,1616800,63.06
2005-05-31,62.65,62.90,62.04,62.39,2514800,62.39
2005-05-27,63.10,63.11,61.80,62.65,1865500,62.65
2005-05-26,62.88,63.32,62.39,62.98,1859300,62.98
2005-05-25,63.29,63.35,62.39,62.86,4373200,62.86
2005-05-24,64.29,64.78,63.89,64.42,1757600,64.42
2005-05-23,63.90,64.61,63.60,64.34,2083200,64.34
2005-05-20,64.47,64.50,63.70,63.84,1549900,63.84
2005-05-19,63.45,64.01,63.20,64.00,1603600,64.00
2005-05-18,62.68,63.73,62.40,63.41,2533200,63.41
2005-05-17,63.72,63.89,62.24,62.70,3244600,62.70
2005-05-16,64.10,64.33,63.36,64.28,2238800,64.28
2005-05-13,63.66,64.68,63.66,64.47,2620200,64.47
2005-05-12,64.07,65.13,63.71,64.00,2985100,64.00
2005-05-11,64.50,64.70,63.54,64.26,2553800,64.26
2005-05-10,63.42,64.74,63.41,64.37,4095500,64.37
2005-05-09,62.20,63.86,62.14,63.65,3442500,63.65
2005-05-06,62.80,62.95,62.20,62.50,3152400,62.50
2005-05-05,60.95,63.59,60.56,62.71,6776600,62.71
2005-05-04,59.00,60.11,58.41,60.02,3057400,60.02
2005-05-03,59.41,60.37,59.20,59.90,2027000,59.90
2005-05-02,58.85,59.48,58.67,59.30,1920900,59.30
2005-04-29,59.24,59.24,57.52,58.52,3554000,58.52
2005-04-28,60.13,60.50,58.76,59.19,1905300,59.19
2005-04-27,59.72,60.76,59.40,60.75,2220800,60.75
2005-04-26,60.76,61.10,59.50,59.50,2898400,59.50
2005-04-25,58.92,59.51,58.76,59.35,1791000,59.35
2005-04-22,58.86,59.49,58.51,58.88,2035700,58.88
2005-04-21,61.20,61.60,58.20,59.45,5113400,59.45
2005-04-20,59.31,61.11,59.21,60.82,3275800,60.82
2005-04-19,59.02,59.53,58.23,59.12,2052800,59.12
2005-04-18,59.08,59.31,58.07,58.40,2202400,58.40
2005-04-15,58.53,59.99,58.25,59.12,3357800,59.12
2005-04-14,60.00,60.68,59.00,59.18,2682900,59.18
2005-04-13,59.97,60.44,59.67,59.87,1957400,59.87
2005-04-12,58.71,60.25,58.15,60.14,2362100,60.14
2005-04-11,58.40,59.57,58.36,59.05,1775700,59.05
2005-04-08,58.81,59.75,58.40,58.48,2137300,58.48
2005-04-07,57.55,59.48,57.36,59.43,3093400,59.43
2005-04-06,56.61,58.00,56.55,57.33,2068000,57.33
2005-04-05,56.20,56.55,55.92,56.50,1355800,56.50
2005-04-04,55.93,56.63,55.51,56.11,2896500,56.11
2005-04-01,57.33,58.00,55.74,55.99,3700800,55.99
2005-03-31,57.69,57.70,56.71,57.24,2033200,57.24
2005-03-30,57.12,57.82,57.11,57.76,1299600,57.76
2005-03-29,57.87,57.92,56.60,57.04,2240100,57.04
2005-03-28,57.15,58.32,57.00,57.79,2028200,57.79
2005-03-24,56.53,57.53,56.42,57.11,1776600,57.11
2005-03-23,56.44,57.48,56.25,56.79,2346800,56.79
2005-03-22,57.25,57.40,56.23,56.33,1857100,56.33
2005-03-21,57.53,57.68,56.21,57.26,1619800,57.26
2005-03-18,56.58,57.80,56.42,57.80,3140200,57.80
2005-03-17,56.58,57.03,56.16,56.69,1680200,56.69
2005-03-16,57.30,57.67,55.98,56.74,2583700,56.74
2005-03-15,57.95,58.93,57.00,57.27,3768400,57.27
2005-03-14,55.71,58.28,55.60,57.88,3368600,57.88
2005-03-11,57.12,57.50,55.21,55.60,2548300,55.60
2005-03-10,57.06,57.67,56.20,57.18,2008400,57.18
2005-03-09,57.40,57.77,56.35,56.99,1749000,56.99
2005-03-08,58.20,58.56,57.34,57.57,1727900,57.57
2005-03-07,57.76,59.30,57.72,58.71,2066000,58.71
2005-03-04,58.05,58.50,57.03,57.46,2248300,57.46
2005-03-03,58.30,58.49,57.35,57.70,2892100,57.70
2005-03-02,57.01,58.22,56.73,58.21,3264500,58.21
2005-03-01,56.50,57.25,56.21,57.02,2393800,57.02
2005-02-28,57.42,57.50,55.96,56.09,3827000,56.09
2005-02-25,57.15,57.78,56.82,57.73,3565800,57.73
2005-02-24,55.79,57.00,55.55,56.87,2622300,56.87
2005-02-23,55.33,56.09,55.28,55.84,2170400,55.84
2005-02-22,56.00,56.20,55.15,55.26,2445600,55.26
2005-02-18,56.63,57.00,55.75,56.30,2613600,56.30
2005-02-17,58.45,58.45,56.39,56.64,3308200,56.64
2005-02-16,57.77,58.41,56.58,57.90,3560200,57.90
2005-02-15,58.67,59.35,57.32,57.98,2724400,57.98
2005-02-14,58.91,59.49,58.29,58.78,1244300,58.78
2005-02-11,58.31,59.23,57.68,58.78,2031600,58.78
2005-02-10,59.25,59.25,57.65,58.13,2477600,58.13
2005-02-09,60.71,60.71,58.75,58.89,1848300,58.89
2005-02-08,60.90,61.40,60.43,60.71,2190800,60.71
2005-02-07,60.74,60.75,59.68,60.63,1845900,60.63
2005-02-04,58.65,60.67,58.46,60.42,2508800,60.42
2005-02-03,58.25,58.84,57.87,58.55,1552300,58.55
2005-02-02,58.21,58.66,57.55,58.20,1562200,58.20
2005-02-01,58.14,59.20,57.66,58.30,1679300,58.30
2005-01-31,58.28,58.56,57.64,58.21,1875400,58.21
2005-01-28,59.08,59.17,57.34,57.89,2492000,57.89
2005-01-27,58.94,59.94,58.76,59.28,1704300,59.28
2005-01-26,58.73,59.54,58.42,59.16,2098300,59.16
2005-01-25,58.15,59.13,57.75,57.93,1706300,57.93
2005-01-24,59.15,59.56,57.57,57.64,2441400,57.64
2005-01-21,59.42,60.11,58.93,59.17,2641700,59.17
2005-01-20,60.04,60.19,58.94,59.04,2397500,59.04
2005-01-19,60.89,60.89,59.75,59.78,1697200,59.78
2005-01-18,59.52,61.05,59.19,61.00,2791200,61.00
2005-01-14,59.06,60.19,58.35,59.92,2542400,59.92
2005-01-13,59.85,60.23,59.31,59.32,3673900,59.32
2005-01-12,58.50,59.95,57.90,59.91,6404500,59.91
2005-01-11,57.04,57.42,55.91,57.06,2222900,57.06
2005-01-10,57.21,58.23,56.54,57.19,2216900,57.19
2005-01-07,57.49,58.85,57.48,57.86,2726700,57.86
2005-01-06,57.33,58.47,57.08,58.12,2828500,58.12
2005-01-05,56.65,57.31,56.16,56.91,2100500,56.91
2005-01-04,57.60,58.15,55.87,56.70,2407900,56.70
2005-01-03,58.20,58.52,56.72,57.39,2299900,57.39
2004-12-31,58.05,58.43,57.43,58.07,1331800,58.07
2004-12-30,58.25,58.29,57.75,57.97,820600,57.97
2004-12-29,58.85,59.14,57.81,58.16,3668300,58.16
2004-12-28,56.28,57.67,56.22,57.53,1668700,57.53
2004-12-27,56.63,56.75,55.56,56.26,1542400,56.26
2004-12-23,55.94,56.35,55.60,56.06,1897700,56.06
2004-12-22,55.65,56.46,55.40,55.66,3181300,55.66
2004-12-21,55.85,56.29,55.61,55.76,7257200,55.76
2004-12-20,56.02,58.00,55.97,56.64,2829300,56.64
2004-12-17,55.90,56.50,55.47,56.19,2936800,56.19
2004-12-16,55.10,56.26,55.10,55.59,1681100,55.59
2004-12-15,55.97,56.10,55.27,55.46,1858500,55.46
2004-12-14,55.65,55.90,55.02,55.90,1392300,55.90
2004-12-13,55.52,55.81,55.21,55.80,1030000,55.80
2004-12-10,55.20,55.59,55.06,55.55,1099400,55.55
2004-12-09,54.75,55.55,53.96,55.53,1658900,55.53
2004-12-08,53.71,55.11,53.71,54.98,1638100,54.98
2004-12-07,55.32,55.46,53.66,53.76,1816900,53.76
2004-12-06,55.35,55.69,54.61,55.49,1036700,55.49
2004-12-03,54.60,56.30,54.45,55.70,2217100,55.70
2004-12-02,55.23,55.44,54.58,55.00,2652400,55.00
2004-12-01,55.42,56.23,54.70,55.41,3240100,55.41
2004-11-30,55.59,56.50,55.37,56.01,1705000,56.01
2004-11-29,56.00,57.10,55.27,55.84,2243200,55.84
2004-11-26,56.31,56.50,55.92,56.02,621800,56.02
2004-11-24,55.87,56.45,55.49,56.34,1360100,56.34
2004-11-23,56.13,56.28,54.88,55.21,2055300,55.21
2004-11-22,55.47,56.34,55.12,56.19,1883600,56.19
2004-11-19,56.29,56.64,54.98,55.12,2462200,55.12
2004-11-18,55.25,56.23,55.06,56.20,1613600,56.20
2004-11-17,54.87,55.98,54.53,55.29,1767900,55.29
2004-11-16,55.64,56.00,55.02,55.17,1330000,55.17
2004-11-15,55.53,56.16,55.25,55.94,2012900,55.94
2004-11-12,56.23,56.58,55.23,56.53,2500500,56.53
2004-11-11,56.06,56.72,55.72,56.30,1503000,56.30
2004-11-10,55.35,56.62,55.34,55.64,2131100,55.64
2004-11-09,55.11,55.71,54.74,55.63,2135100,55.63
2004-11-08,55.39,55.43,54.55,54.88,1895600,54.88
2004-11-05,55.54,56.27,55.06,55.50,2215800,55.50
2004-11-04,54.74,55.34,53.47,54.87,2066400,54.87
2004-11-03,53.60,54.58,53.44,54.03,2953200,54.03
2004-11-02,53.04,53.60,52.03,52.70,2207100,52.70
2004-11-01,52.29,53.17,51.85,52.86,1786500,52.86
2004-10-29,52.47,52.99,51.71,52.47,1633500,52.47
2004-10-28,51.96,52.99,51.80,52.53,1934800,52.53
2004-10-27,50.91,52.77,50.90,52.52,2733900,52.52
2004-10-26,50.35,51.79,50.34,51.21,2137700,51.21
2004-10-25,50.86,51.19,49.25,50.36,2480700,50.36
2004-10-22,51.83,52.25,50.79,51.06,1680400,51.06
2004-10-21,51.81,52.20,50.62,51.91,2096700,51.91
2004-10-20,53.44,53.44,51.29,52.01,3010100,52.01
2004-10-19,52.67,53.25,52.25,52.49,2386600,52.49
2004-10-18,51.40,53.24,51.36,53.21,2839100,53.21
2004-10-15,51.25,51.91,50.89,51.75,3270300,51.75
2004-10-14,51.24,51.47,50.74,51.24,2101100,51.24
2004-10-13,52.14,52.20,50.80,51.07,1550100,51.07
2004-10-12,52.18,52.63,51.32,52.42,1529200,52.42
2004-10-11,51.96,52.58,51.75,52.14,1520000,52.14
2004-10-08,51.90,52.26,51.35,51.81,2268100,51.81
2004-10-07,54.07,54.22,52.26,52.39,2751900,52.39
2004-10-06,54.22,54.67,53.46,54.13,1872100,54.13
2004-10-05,54.83,55.20,54.10,54.23,1672600,54.23
2004-10-04,55.33,55.91,54.91,54.98,1771100,54.98
2004-10-01,54.85,55.55,54.13,55.46,1964100,55.46
2004-09-30,54.90,55.34,54.23,54.41,2599100,54.41
2004-09-29,55.97,56.06,54.20,55.01,4202400,55.01
2004-09-28,55.87,56.71,55.74,56.25,2511100,56.25
2004-09-27,56.13,56.36,55.54,55.56,2047700,55.56
2004-09-24,55.51,57.13,55.41,56.39,2426700,56.39
2004-09-23,55.60,56.08,55.52,55.78,1878600,55.78
2004-09-22,56.15,56.20,55.33,55.71,2383700,55.71
2004-09-21,54.53,56.36,54.39,56.16,3792600,56.16
2004-09-20,54.38,55.00,53.90,54.28,2036100,54.28
2004-09-17,54.48,54.81,53.80,54.66,2364400,54.66
2004-09-16,54.81,55.00,53.75,54.07,2283900,54.07
2004-09-15,55.02,55.11,54.74,54.81,1987000,54.81
2004-09-14,54.21,55.12,54.16,55.12,1626400,55.12
2004-09-13,54.43,55.10,54.08,54.60,2407200,54.60
2004-09-10,53.39,54.45,53.14,54.45,2131200,54.45
2004-09-09,53.45,53.94,52.99,53.57,1975000,53.57
2004-09-08,54.48,54.54,53.00,53.32,2299800,53.32
2004-09-07,54.24,54.76,53.74,54.45,1395100,54.45
2004-09-03,55.01,55.10,53.90,54.01,1070600,54.01
2004-09-02,54.30,55.37,54.30,55.06,1556600,55.06
2004-09-01,53.86,54.83,53.85,54.63,1984500,54.63
2004-08-31,53.19,54.10,52.90,54.00,1824500,54.00
2004-08-30,54.35,54.44,53.24,53.30,1284800,53.30
2004-08-27,53.48,55.00,53.40,54.58,2297500,54.58
2004-08-26,53.52,53.86,53.24,53.57,1614800,53.57
2004-08-25,52.98,53.58,52.40,53.51,2066000,53.51
2004-08-24,51.85,52.95,51.60,52.92,2225100,52.92
2004-08-23,52.48,52.98,51.98,52.25,1883400,52.25
2004-08-20,52.00,53.00,51.63,52.78,1852200,52.78
2004-08-19,51.70,52.43,51.24,51.88,2020400,51.88
2004-08-18,50.50,52.00,50.48,52.00,2123800,52.00
2004-08-17,50.37,51.18,50.30,50.65,1833800,50.65
2004-08-16,49.25,50.71,49.13,50.38,1338300,50.38
2004-08-13,49.52,49.98,48.70,49.00,1989700,49.00
2004-08-12,49.61,50.71,49.48,49.88,2137000,49.88
2004-08-11,48.95,50.35,48.75,49.81,2285500,49.81
2004-08-10,48.88,49.33,48.25,49.33,1672400,49.33
2004-08-09,48.95,49.38,48.23,48.57,2152600,48.57
2004-08-06,49.89,50.43,47.98,48.50,2606800,48.50
2004-08-05,51.38,51.78,50.07,50.10,1869500,50.10
2004-08-04,50.73,52.00,50.55,51.53,1991700,51.53
2004-08-03,50.60,51.75,50.55,50.83,1654100,50.83
2004-08-02,51.45,51.67,50.78,50.97,2013000,50.97
2004-07-30,51.54,51.81,50.53,51.35,2458800,51.35
2004-07-29,52.00,52.30,50.64,51.63,2744800,51.63
2004-07-28,51.16,51.87,49.72,51.57,2830800,51.57
2004-07-27,49.50,51.27,49.50,51.14,2755500,51.14
2004-07-26,50.53,51.00,48.65,49.51,2894800,49.51
2004-07-23,51.03,51.91,50.15,50.42,3107300,50.42
2004-07-22,50.02,51.37,49.25,51.21,4100000,51.21
2004-07-21,51.45,51.79,50.01,50.25,3603500,50.25
2004-07-20,49.25,51.61,49.20,51.41,4261800,51.41
2004-07-19,49.96,49.99,47.95,48.86,4277100,48.86
2004-07-16,51.18,51.25,49.75,49.75,2548400,49.75
2004-07-15,49.87,51.40,48.95,50.59,5651200,50.59
2004-07-14,47.14,50.75,46.80,50.00,14102200,50.00
2004-07-13,44.60,45.40,44.50,44.50,2170900,44.50
2004-07-12,44.60,45.22,44.14,45.00,2246600,45.00
2004-07-09,45.84,46.28,44.83,44.96,3480300,44.96
2004-07-08,47.19,47.60,46.29,46.38,1647900,46.38
2004-07-07,47.12,47.50,47.10,47.40,1598000,47.40
2004-07-06,47.55,47.88,46.89,47.00,3262000,47.00
2004-07-02,46.57,47.31,46.51,46.68,1311200,46.68
2004-07-01,47.33,47.58,46.38,46.70,2428000,46.70
2004-06-30,46.94,47.34,46.47,47.33,1624800,47.33
2004-06-29,46.09,47.04,45.96,46.85,2098400,46.85
2004-06-28,46.56,47.30,45.86,46.30,2427300,46.30
2004-06-25,45.59,47.06,44.85,47.06,3537300,47.06
2004-06-24,45.36,45.65,45.07,45.54,1852000,45.54
2004-06-23,44.48,45.45,44.33,45.40,2411900,45.40
2004-06-22,43.90,44.50,43.38,44.48,2552600,44.48
2004-06-21,44.16,44.38,43.72,44.00,1439800,44.00
2004-06-18,43.31,44.12,43.10,43.87,2160100,43.87
2004-06-17,43.73,43.87,42.74,43.54,1922600,43.54
2004-06-16,43.00,43.86,42.90,43.72,2192800,43.72
2004-06-15,42.73,43.24,42.52,42.88,1603000,42.88
2004-06-14,41.85,42.98,41.65,42.50,2303200,42.50
2004-06-10,41.77,42.01,40.67,41.93,3094200,41.93
2004-06-09,42.86,42.99,41.57,41.72,2544100,41.72
2004-06-08,43.66,43.83,42.66,43.10,1688500,43.10
2004-06-07,42.90,43.62,42.52,43.53,1519700,43.53
2004-06-04,43.03,43.66,42.78,43.00,1545000,43.00
2004-06-03,43.46,44.14,42.86,42.92,1330500,42.92
2004-06-02,44.01,44.18,43.09,43.69,2318900,43.69
2004-06-01,43.21,43.86,42.70,43.74,2906900,43.74
2004-05-28,43.94,44.06,43.50,43.85,1953500,43.85
2004-05-27,44.15,44.52,42.92,43.90,2553500,43.90
2004-05-26,43.17,43.98,42.95,43.88,2591600,43.88
2004-05-25,41.87,43.40,41.77,43.31,2640000,43.31
2004-05-24,42.12,42.54,41.40,42.08,2356000,42.08
2004-05-21,41.90,42.25,41.11,41.63,2498600,41.63
2004-05-20,41.26,41.91,40.95,41.00,1710800,41.00
2004-05-19,41.74,42.54,41.33,41.40,3880800,41.40
2004-05-18,41.92,42.14,40.90,41.29,2608900,41.29
2004-05-17,42.04,42.24,41.48,41.57,2104500,41.57
2004-05-14,42.73,43.53,41.51,42.56,3364000,42.56
2004-05-13,42.97,43.65,42.43,42.60,3486400,42.60
2004-05-12,42.44,43.50,41.70,43.33,3607300,43.33
2004-05-11,42.35,43.10,41.86,42.81,2131700,42.81
2004-05-10,42.25,42.71,41.60,42.06,3352400,42.06
2004-05-07,42.48,44.20,42.40,42.60,3176300,42.60
2004-05-06,43.40,43.67,41.94,42.80,3000700,42.80
2004-05-05,43.36,44.10,42.68,43.76,3126100,43.76
2004-05-04,44.81,44.82,42.36,43.56,3974100,43.56
2004-05-03,43.75,44.69,43.55,44.07,2394000,44.07
2004-04-30,45.65,45.85,43.40,43.50,3100600,43.50
2004-04-29,46.05,46.41,45.45,45.64,2380500,45.64
2004-04-28,46.77,46.94,45.50,45.95,2141300,45.95
2004-04-27,46.46,47.24,46.17,47.10,2792400,47.10
2004-04-26,46.62,47.39,45.74,46.12,2625400,46.12
2004-04-23,47.01,47.34,46.00,46.46,1981800,46.46
2004-04-22,47.17,47.35,45.97,47.10,2714300,47.10
2004-04-21,46.92,47.48,46.61,47.00,2428400,47.00
2004-04-20,47.21,48.40,46.95,47.04,3168500,47.04
2004-04-19,46.05,47.36,46.02,47.24,3100000,47.24
2004-04-16,46.64,46.65,45.95,46.18,2969400,46.18
2004-04-15,47.32,47.68,44.97,46.64,4704000,46.64
2004-04-14,46.17,47.16,45.89,46.92,2465400,46.92
2004-04-13,47.49,47.55,45.96,46.30,2167300,46.30
2004-04-12,46.50,47.97,46.43,47.26,1478200,47.26
2004-04-08,46.07,47.97,46.01,46.40,2393500,46.40
2004-04-07,47.83,48.15,47.56,47.87,1532900,47.87
2004-04-06,48.67,49.23,48.01,48.27,1387400,48.27
2004-04-05,48.15,49.30,47.90,49.21,2465500,49.21
2004-04-02,48.09,48.50,47.46,48.06,2219500,48.06
2004-04-01,46.60,47.61,46.57,47.33,2227300,47.33
2004-03-31,46.15,47.08,46.03,46.78,3177300,46.78
2004-03-30,46.20,46.36,45.49,46.03,1841900,46.03
2004-03-29,45.81,46.74,45.81,46.53,1697100,46.53
2004-03-26,45.97,46.42,45.80,45.85,1969100,45.85
2004-03-25,45.11,46.43,44.73,46.20,1912800,46.20
2004-03-24,45.19,45.80,44.86,45.35,2096600,45.35
2004-03-23,45.72,46.09,45.18,45.50,2740700,45.50
2004-03-22,46.34,46.44,44.98,45.50,3062400,45.50
2004-03-19,46.79,47.80,46.46,47.00,2504800,47.00
2004-03-18,47.08,47.77,46.70,46.88,2128900,46.88
2004-03-17,46.73,47.41,46.40,47.19,2326000,47.19
2004-03-16,47.11,48.06,45.55,46.40,4029400,46.40
2004-03-15,48.65,48.99,46.77,47.12,3337200,47.12
2004-03-12,48.32,49.15,47.54,48.99,2225500,48.99
2004-03-11,47.54,49.15,47.51,48.00,3136000,48.00
2004-03-10,48.43,49.34,47.79,47.95,2905700,47.95
2004-03-09,48.25,49.36,48.00,48.85,3507000,48.85
2004-03-08,49.70,49.80,47.95,48.40,3260900,48.40
2004-03-05,50.09,50.45,49.23,49.74,3666400,49.74
2004-03-04,50.80,50.89,49.61,50.50,2496600,50.50
2004-03-03,49.00,51.10,48.59,50.65,4162400,50.65
2004-03-02,50.42,50.47,48.76,49.12,5095200,49.12
2004-03-01,50.37,50.76,49.50,49.99,4352500,49.99
2004-02-27,50.89,51.25,50.00,50.45,11066600,50.45
2004-02-26,53.09,53.63,52.87,53.28,1786100,53.28
2004-02-25,52.93,53.60,52.60,53.23,1498400,53.23
2004-02-24,53.28,53.84,52.61,52.99,2376800,52.99
2004-02-23,52.84,53.40,52.26,53.11,3102000,53.11
2004-02-20,54.14,54.17,52.15,53.10,4692300,53.10
2004-02-19,55.83,58.08,53.25,53.43,9028000,53.43
2004-02-18,55.20,56.00,54.56,55.47,2422800,55.47
2004-02-17,55.49,55.71,54.58,55.30,1778000,55.30
2004-02-13,55.83,56.32,55.08,55.38,2749500,55.38
2004-02-12,55.63,56.83,55.42,56.01,1860200,56.01
2004-02-11,54.72,55.98,54.18,55.79,1779700,55.79
2004-02-10,54.15,54.87,53.50,54.52,1911700,54.52
2004-02-09,54.78,54.90,53.99,54.20,2331100,54.20
2004-02-06,54.85,55.13,54.28,54.79,3019800,54.79
2004-02-05,55.51,55.73,54.50,55.00,2455900,55.00
2004-02-04,56.80,56.92,55.42,55.65,2676200,55.65
2004-02-03,55.87,57.47,55.78,57.09,2833100,57.09
2004-02-02,54.91,56.33,54.37,55.97,2719600,55.97
2004-01-30,55.72,55.76,54.59,54.78,2168900,54.78
2004-01-29,54.65,55.83,53.70,55.66,3603000,55.66
2004-01-28,55.78,55.87,53.78,54.27,2721500,54.27
2004-01-27,55.68,56.63,54.74,55.67,3676200,55.67
2004-01-26,54.94,56.00,54.42,55.62,2411300,55.62
2004-01-23,55.48,56.50,54.45,55.00,3682200,55.00
2004-01-22,55.06,57.00,54.90,55.18,4837000,55.18
2004-01-21,53.00,55.26,52.96,55.14,4107700,55.14
2004-01-20,53.86,53.93,52.50,53.00,3123200,53.00
2004-01-16,52.90,54.60,52.80,54.26,4775900,54.26
2004-01-15,50.82,53.11,50.60,52.64,4188100,52.64
2004-01-14,49.81,51.10,49.61,50.80,4295900,50.80
2004-01-13,49.31,49.96,49.13,49.57,4765600,49.57
2004-01-12,48.00,48.93,47.63,48.39,2889000,48.39
2004-01-09,47.56,49.58,47.56,48.28,3264400,48.28
2004-01-08,48.70,49.25,48.31,48.52,1968200,48.52
2004-01-07,48.84,49.21,47.76,49.07,4494400,49.07
2004-01-06,49.75,50.23,48.87,49.95,2809800,49.95
2004-01-05,49.13,49.50,48.64,49.12,1720700,49.12
2004-01-02,49.58,50.01,48.69,49.05,2365700,49.05
2003-12-31,49.00,49.88,48.88,49.29,2398000,49.29
2003-12-30,48.45,49.38,48.43,49.36,1874000,49.36
2003-12-29,48.23,48.63,48.07,48.61,1641400,48.61
2003-12-26,48.18,48.62,48.06,48.11,721400,48.11
2003-12-24,48.31,48.55,48.07,48.33,807100,48.33
2003-12-23,48.48,48.53,48.11,48.38,2421000,48.38
2003-12-22,48.16,48.31,47.92,48.18,1881800,48.18
2003-12-19,48.00,48.95,47.40,48.40,3497200,48.40
2003-12-18,47.19,48.18,46.80,48.15,2562100,48.15
2003-12-17,47.32,47.55,46.64,47.25,2143800,47.25
2003-12-16,47.00,47.50,46.28,47.33,3069800,47.33
2003-12-15,46.15,47.25,45.88,46.99,4191400,46.99
2003-12-12,45.60,46.18,45.39,46.05,2486600,46.05
2003-12-11,44.59,45.81,44.10,45.50,2739800,45.50
2003-12-10,45.84,45.90,44.39,45.20,2358500,45.20
2003-12-09,46.74,46.90,45.30,45.51,2447000,45.51
2003-12-08,45.88,46.69,45.54,46.65,2582700,46.65
2003-12-05,46.48,46.56,45.91,45.97,3127800,45.97
2003-12-04,46.38,46.95,46.10,46.56,6346000,46.56
2003-12-03,48.66,49.41,48.00,48.30,3193700,48.30
2003-12-02,47.32,48.98,47.29,48.65,4435700,48.65
2003-12-01,46.70,47.67,46.70,47.53,2979700,47.53
2003-11-28,45.68,46.85,45.66,46.65,1114400,46.65
2003-11-26,46.30,46.30,45.26,45.84,2320500,45.84
2003-11-25,46.89,47.00,45.53,46.03,2680900,46.03
2003-11-24,44.18,46.86,44.18,46.49,3029700,46.49
2003-11-21,43.56,44.40,43.28,44.03,2671000,44.03
2003-11-20,43.80,44.60,42.78,43.66,3007800,43.66
2003-11-19,42.86,44.83,42.85,43.94,4302800,43.94
2003-11-18,42.84,43.94,42.75,42.78,3027600,42.78
2003-11-17,43.35,43.62,41.53,42.72,5567400,42.72
2003-11-14,45.86,46.00,43.55,43.87,3503600,43.87
2003-11-13,43.83,46.12,43.75,46.06,2908600,46.06
2003-11-12,43.01,44.63,42.90,44.39,2859000,44.39
2003-11-11,43.89,43.95,42.39,42.81,3565000,42.81
2003-11-10,45.40,45.57,43.72,43.80,2518600,43.80
2003-11-07,46.26,46.38,45.25,45.40,1545000,45.40
2003-11-06,45.30,46.23,45.00,45.92,1696800,45.92
2003-11-05,45.17,45.83,44.94,45.38,2336500,45.38
2003-11-04,44.40,46.20,44.17,44.99,3163600,44.99
2003-11-03,45.99,46.27,44.69,44.98,3324900,44.98
2003-10-31,46.98,46.98,45.75,45.90,2811700,45.90
2003-10-30,47.70,47.80,46.75,47.01,2263700,47.01
2003-10-29,48.50,48.54,47.02,47.19,2989000,47.19
2003-10-28,47.28,48.67,46.91,48.58,2001000,48.58
2003-10-27,47.26,47.45,46.65,47.04,2502400,47.04
2003-10-24,47.13,47.24,46.08,47.08,2098100,47.08
2003-10-23,46.50,47.41,45.58,46.90,3173200,46.90
2003-10-22,49.19,49.19,46.19,46.63,4945900,46.63
2003-10-21,48.39,49.45,48.27,49.32,3677700,49.32
2003-10-20,49.67,49.87,48.04,48.32,3479000,48.32
2003-10-17,51.23,51.30,49.39,49.67,3193100,49.67
2003-10-16,51.32,52.00,50.98,51.36,2562900,51.36
2003-10-15,51.84,52.45,50.98,51.58,5482100,51.58
2003-10-14,49.76,50.00,49.42,49.99,1714800,49.99
2003-10-13,49.87,50.41,49.01,49.69,1819900,49.69
2003-10-10,48.80,49.87,48.70,49.78,2595900,49.78
2003-10-09,48.38,49.66,48.15,48.69,2784400,48.69
2003-10-08,48.68,48.88,47.70,47.99,1889300,47.99
2003-10-07,48.80,48.94,47.43,48.61,3471400,48.61
2003-10-06,49.05,49.65,48.85,49.31,1829600,49.31
2003-10-03,48.95,50.08,48.72,49.10,3224300,49.10
2003-10-02,47.52,49.04,47.17,48.40,2840700,48.40
2003-10-01,46.41,47.83,46.29,47.50,3396200,47.50
2003-09-30,46.20,47.32,45.44,46.31,2772000,46.31
2003-09-29,46.16,46.44,45.00,46.12,2944100,46.12
2003-09-26,46.16,46.91,45.95,46.00,2280300,46.00
2003-09-25,47.30,48.06,46.16,46.75,3747500,46.75
2003-09-24,49.55,49.86,47.16,47.23,3562600,47.23
2003-09-23,48.70,49.95,48.60,49.90,1869500,49.90
2003-09-22,48.96,49.36,48.32,48.85,2140800,48.85
2003-09-19,51.00,51.08,49.39,49.50,4131600,49.50
2003-09-18,49.84,50.54,48.99,50.48,2723200,50.48
2003-09-17,48.98,50.13,48.86,49.63,3017000,49.63
2003-09-16,48.86,49.25,47.72,49.07,2572500,49.07
2003-09-15,48.43,49.35,48.43,48.90,2128000,48.90
2003-09-12,48.41,48.69,47.18,48.62,1692400,48.62
2003-09-11,47.51,48.60,47.04,48.46,2743600,48.46
2003-09-10,48.85,49.30,47.50,47.57,2017300,47.57
2003-09-09,49.90,50.26,48.48,48.94,2347700,48.94
2003-09-08,48.56,50.44,48.38,50.05,2493500,50.05
2003-09-05,49.03,49.49,48.12,48.56,2503800,48.56
2003-09-04,49.21,49.27,48.14,49.03,2405500,49.03
2003-09-03,49.80,50.28,48.46,48.89,3310200,48.89
2003-09-02,47.20,49.75,47.15,49.50,2942700,49.50
2003-08-29,47.81,48.00,46.81,47.13,1275500,47.13
2003-08-28,47.29,47.90,46.26,47.88,1434500,47.88
2003-08-27,46.25,47.29,45.86,47.20,1632100,47.20
2003-08-26,45.80,46.49,44.00,46.30,2012000,46.30
2003-08-25,46.40,46.79,45.89,46.03,1219500,46.03
2003-08-22,47.70,48.17,46.50,46.53,3212400,46.53
2003-08-21,46.36,47.74,46.07,47.17,2233300,47.17
2003-08-20,46.15,46.40,45.60,46.06,1463500,46.06
2003-08-19,46.40,46.74,45.58,46.21,1973200,46.21
2003-08-18,45.59,46.50,45.39,46.39,1960200,46.39
2003-08-15,45.18,45.54,44.50,45.35,796800,45.35
2003-08-14,45.52,45.65,44.31,45.12,2550600,45.12
2003-08-13,46.75,46.91,45.02,45.34,3325700,45.34
2003-08-12,45.48,46.87,45.30,46.65,2626300,46.65
2003-08-11,43.52,45.57,43.35,45.14,2927600,45.14
2003-08-08,44.22,44.61,43.15,43.38,2517900,43.38
2003-08-07,43.45,44.74,43.40,44.24,3635400,44.24
2003-08-06,45.35,45.36,43.00,43.49,5232400,43.49
2003-08-05,47.41,47.74,45.17,45.38,3138700,45.38
2003-08-04,47.75,47.97,45.01,47.62,6938300,47.62
2003-08-01,50.04,50.26,48.92,49.28,2642700,49.28
2003-07-31,50.79,51.54,50.14,50.48,3441200,50.48
2003-07-30,51.84,52.07,49.91,50.20,2866600,50.20
2003-07-29,52.22,52.43,50.16,51.94,2838300,51.94
2003-07-28,50.43,52.37,50.01,52.32,4170600,52.32
2003-07-25,49.45,50.45,48.15,50.45,2977900,50.45
2003-07-24,50.51,51.13,49.37,49.46,4176800,49.46
2003-07-23,49.30,50.76,48.85,50.74,4182600,50.74
2003-07-22,47.84,49.94,47.22,49.76,5276000,49.76
2003-07-21,47.85,48.23,46.54,47.14,2671500,47.14
2003-07-18,47.61,48.74,45.60,48.01,3325600,48.01
2003-07-17,47.45,49.65,47.00,47.71,7296700,47.71
2003-07-16,45.25,47.99,44.51,47.54,6401000,47.54
2003-07-15,46.33,47.25,45.23,45.46,3168500,45.46
2003-07-14,44.70,46.45,44.55,45.93,3572300,45.93
2003-07-11,43.35,44.33,43.31,44.02,1637100,44.02
2003-07-10,43.05,44.09,42.85,43.30,2522600,43.30
2003-07-09,44.93,45.07,44.00,44.44,2489700,44.44
2003-07-08,44.23,45.64,44.10,45.15,2753400,45.15
2003-07-07,42.59,45.20,42.53,44.95,3517400,44.95
2003-07-03,43.08,43.62,42.28,42.69,1802300,42.69
2003-07-02,41.54,43.45,40.88,43.27,3566700,43.27
2003-07-01,41.77,42.09,40.26,41.42,4163600,41.42
2003-06-30,43.11,43.24,41.05,41.86,4916300,41.86
2003-06-27,44.17,44.91,42.90,42.99,3263300,42.99
2003-06-26,43.43,44.79,43.23,44.25,2518600,44.25
2003-06-25,42.95,44.50,42.84,43.00,3637700,43.00
2003-06-24,43.28,43.75,42.47,42.79,2156800,42.79
2003-06-23,44.07,44.20,41.80,42.74,3337000,42.74
2003-06-20,43.44,45.18,42.50,44.14,4602000,44.14
2003-06-19,46.78,46.84,42.84,43.48,5100700,43.48
2003-06-18,47.37,47.49,45.64,46.22,2636900,46.22
2003-06-17,48.35,48.61,47.25,47.68,2257400,47.68
2003-06-16,46.71,48.18,46.68,48.11,2877100,48.11
2003-06-13,46.63,46.66,45.27,46.30,3171700,46.30
2003-06-12,47.98,48.00,46.23,46.31,3127200,46.31
2003-06-11,46.69,48.00,46.65,48.00,2865900,48.00
2003-06-10,45.87,46.71,45.24,46.28,2342000,46.28
2003-06-09,45.79,46.56,44.51,45.09,3141800,45.09
2003-06-06,47.49,49.71,45.97,46.68,5436500,46.68
2003-06-05,46.03,47.71,45.64,47.32,4152500,47.32
2003-06-04,45.78,46.66,44.94,46.09,3268800,46.09
2003-06-03,45.20,45.95,44.00,45.73,3511500,45.73
2003-06-02,47.86,48.10,44.79,45.15,3877100,45.15
2003-05-30,46.24,47.64,46.08,47.39,2669100,47.39
2003-05-29,46.74,47.53,45.72,46.24,2963500,46.24
2003-05-28,46.83,47.10,45.54,46.59,2657900,46.59
2003-05-27,44.85,47.03,44.85,46.84,5276200,46.84
2003-05-23,44.40,44.99,43.50,44.86,2406800,44.86
2003-05-22,42.10,44.79,42.10,44.51,3442100,44.51
2003-05-21,41.34,42.50,40.86,42.24,3028700,42.24
2003-05-20,41.50,42.23,41.00,41.77,3514800,41.77
2003-05-19,43.50,45.00,41.69,41.69,6873500,41.69
2003-05-16,42.30,43.52,42.25,43.16,4651200,43.16
2003-05-15,41.51,43.03,41.46,42.92,2605400,42.92
2003-05-14,41.51,42.33,41.06,41.52,3344100,41.52
2003-05-13,41.03,42.73,40.90,41.53,2994100,41.53
2003-05-12,40.88,41.31,40.38,41.04,3356500,41.04
2003-05-09,38.50,41.40,38.30,41.15,6510800,41.15
2003-05-08,39.35,39.85,38.93,39.13,3749500,39.13
2003-05-07,39.80,40.06,39.20,39.56,2916100,39.56
2003-05-06,40.79,41.22,39.60,40.18,3243400,40.18
2003-05-05,41.35,42.24,40.75,40.84,3376600,40.84
2003-05-02,39.67,42.19,39.52,41.47,3732600,41.47
2003-05-01,39.59,39.90,38.71,39.77,4391800,39.77
2003-04-30,40.50,41.28,39.81,40.27,5393000,40.27
2003-04-29,40.52,41.25,39.95,40.70,2587400,40.70
2003-04-28,39.82,41.11,39.78,40.52,3038300,40.52
2003-04-25,39.94,40.46,39.26,39.82,5519500,39.82
2003-04-24,36.41,39.62,35.90,39.38,8267000,39.38
2003-04-23,35.83,36.79,35.53,36.38,2613700,36.38
2003-04-22,34.10,36.03,34.06,35.74,3373400,35.74
2003-04-21,35.08,35.94,34.14,34.63,2448700,34.63
2003-04-17,33.45,35.19,33.44,34.92,3190500,34.92
2003-04-16,36.02,36.20,33.15,33.51,7422000,33.51
2003-04-15,35.27,35.99,35.07,35.79,2107300,35.79
2003-04-14,34.54,35.44,34.38,35.27,2187700,35.27
2003-04-11,35.12,35.63,34.00,34.42,2563300,34.42
2003-04-10,34.50,35.19,34.04,34.94,2799100,34.94
2003-04-09,36.60,36.61,34.50,34.51,4993600,34.51
2003-04-08,35.90,36.89,35.75,36.58,2760000,36.58
2003-04-07,38.31,38.70,36.05,36.29,4595700,36.29
2003-04-04,37.95,38.80,37.15,37.48,3507800,37.48
2003-04-03,38.51,38.55,37.16,37.75,3362700,37.75
2003-04-02,38.07,38.40,37.68,38.33,4071000,38.33
2003-04-01,36.62,37.25,35.96,36.85,3361400,36.85
2003-03-31,36.18,37.47,35.65,36.45,4082300,36.45
2003-03-28,37.10,37.40,36.43,36.55,2258400,36.55
2003-03-27,35.76,37.90,35.61,37.20,4178100,37.20
2003-03-26,35.96,36.70,35.79,36.00,2680700,36.00
2003-03-25,34.78,36.20,34.75,35.84,3198600,35.84
2003-03-24,36.18,36.24,34.55,34.67,3739400,34.67
2003-03-21,36.39,36.48,35.88,36.28,3350900,36.28
2003-03-20,35.95,36.61,34.96,35.89,3970000,35.89
2003-03-19,36.05,36.87,35.95,36.27,4100500,36.27
2003-03-18,35.29,36.27,35.28,35.85,3653300,35.85
2003-03-17,34.02,35.54,33.61,35.35,4356100,35.35
2003-03-14,33.81,34.63,33.58,34.01,4203700,34.01
2003-03-13,31.80,33.65,31.51,33.53,3948600,33.53
2003-03-12,30.70,31.40,30.38,31.13,2258400,31.13
2003-03-11,31.20,31.65,30.88,30.99,1943500,30.99
2003-03-10,30.88,31.65,30.85,31.04,1949800,31.04
2003-03-07,30.48,31.50,30.28,31.18,2507700,31.18
2003-03-06,30.60,30.90,30.30,30.57,1992400,30.57
2003-03-05,30.70,31.20,29.88,30.58,3945900,30.58
2003-03-04,30.95,31.70,30.88,30.92,1781300,30.92
2003-03-03,31.09,31.72,30.73,30.95,2782300,30.95
2003-02-28,30.99,31.66,30.62,31.18,2429200,31.18
2003-02-27,30.42,31.20,30.40,30.96,3024000,30.96
2003-02-26,30.49,31.04,30.08,30.24,2259500,30.24
2003-02-25,30.11,30.74,29.60,30.56,1480900,30.56
2003-02-24,31.41,31.56,30.10,30.28,2204700,30.28
2003-02-21,30.04,31.64,29.91,31.58,3715100,31.58
2003-02-20,30.64,30.96,30.12,30.62,1839500,30.62
2003-02-19,30.80,31.22,30.35,30.58,1666200,30.58
2003-02-18,29.90,30.99,29.80,30.89,2727800,30.89
2003-02-14,30.11,30.36,29.36,30.16,2866700,30.16
2003-02-13,29.40,30.56,28.95,30.02,3876700,30.02
2003-02-12,30.34,31.04,30.14,30.36,2508500,30.36
2003-02-11,30.65,31.57,30.15,30.44,2387500,30.44
2003-02-10,30.47,30.98,30.14,30.63,2488400,30.63
2003-02-07,30.24,30.86,30.14,30.38,2666800,30.38
2003-02-06,30.55,31.03,29.91,30.07,3666100,30.07
2003-02-05,31.16,31.82,30.50,30.69,4484500,30.69
2003-02-04,31.50,31.51,29.90,30.65,13245800,30.65
2003-02-03,32.61,33.68,32.26,33.20,2683100,33.20
2003-01-31,32.71,33.51,32.29,32.29,2717800,32.29
2003-01-30,33.40,34.04,32.72,32.78,3365200,32.78
2003-01-29,33.12,33.64,31.97,33.30,4397100,33.30
2003-01-28,32.20,33.18,31.80,32.97,3569900,32.97
2003-01-27,33.15,33.47,31.89,32.40,3661600,32.40
2003-01-24,34.48,34.50,32.79,33.30,3568500,33.30
2003-01-23,34.40,34.86,33.38,34.56,4690600,34.56
2003-01-22,35.10,35.73,33.90,34.24,4956100,34.24
2003-01-21,35.56,35.90,35.03,35.07,3641500,35.07
2003-01-17,35.13,35.97,35.00,35.41,4550000,35.41
2003-01-16,35.15,36.31,34.48,36.01,7540400,36.01
2003-01-15,32.82,35.19,32.77,35.11,9379700,35.11
2003-01-14,32.94,33.86,32.49,32.61,12302700,32.61
2003-01-13,31.68,31.73,31.68,31.73,200,31.73
2003-01-10,28.64,31.81,28.45,31.58,10156400,31.58
2003-01-09,28.82,29.71,28.82,28.91,3857900,28.91
2003-01-08,29.48,29.85,28.54,28.82,2476800,28.82
2003-01-07,29.30,30.85,28.63,29.94,5763300,29.94
2003-01-06,30.25,30.26,29.20,29.71,4356100,29.71
2003-01-03,30.42,30.55,29.82,30.35,1643100,30.35
2003-01-02,29.65,30.64,29.43,30.53,2145900,30.53
2002-12-31,29.80,30.24,29.08,29.57,2381300,29.57
2002-12-30,30.16,30.21,29.21,29.74,1631400,29.74
2002-12-27,31.29,31.44,29.97,30.00,2464400,30.00
2002-12-26,32.30,32.51,31.45,31.75,1362400,31.75
2002-12-24,32.41,32.78,32.24,32.34,563500,32.34
2002-12-23,31.86,32.71,31.60,32.41,1688900,32.41
2002-12-20,32.09,32.40,31.50,31.79,2764300,31.79
2002-12-19,32.32,33.00,31.54,31.79,2071900,31.79
2002-12-18,33.50,33.59,32.10,32.33,2947300,32.33
2002-12-17,32.75,33.89,32.50,33.57,2059100,33.57
2002-12-16,32.30,33.28,31.59,32.93,3206100,32.93
2002-12-13,33.79,33.79,32.08,32.28,2286700,32.28
2002-12-12,33.27,34.29,33.22,33.70,2190600,33.70
2002-12-11,33.35,33.54,32.78,33.05,1840300,33.05
2002-12-10,33.08,34.27,32.90,33.55,2369300,33.55
2002-12-09,34.33,34.55,32.81,32.87,2331000,32.87
2002-12-06,34.19,35.36,33.90,34.43,2565900,34.43
2002-12-05,34.72,35.15,34.24,34.53,2500800,34.53
2002-12-04,36.08,36.10,34.25,34.57,4014000,34.57
2002-12-03,34.59,36.55,34.59,36.20,4936300,36.20
2002-12-02,33.90,35.55,33.85,35.24,6685000,35.24
2002-11-29,33.38,33.42,32.57,32.80,1532700,32.80
2002-11-27,31.99,33.90,31.65,33.73,7830300,33.73
2002-11-26,31.01,31.26,29.88,30.14,3287000,30.14
2002-11-25,30.16,31.51,30.15,31.30,2954600,31.30
2002-11-22,30.25,30.79,29.93,30.18,2225200,30.18
2002-11-21,30.42,31.29,29.76,30.25,4076400,30.25
2002-11-20,29.19,30.71,28.91,30.70,3178400,30.70
2002-11-19,29.15,29.82,28.55,29.19,2257500,29.19
2002-11-18,30.06,30.65,27.55,29.97,2682400,29.97
2002-11-15,29.39,30.36,29.25,29.86,2726900,29.86
2002-11-14,28.56,29.46,28.55,29.35,1735300,29.35
2002-11-13,28.36,28.87,27.71,28.14,2317900,28.14
2002-11-12,28.06,28.98,27.77,28.50,2235000,28.50
2002-11-11,28.60,29.27,27.95,27.98,1753000,27.98
2002-11-08,29.45,29.95,28.37,28.60,2039100,28.60
2002-11-07,30.00,30.71,29.10,29.43,2646600,29.43
2002-11-06,29.46,30.15,28.95,30.05,3433300,30.05
2002-11-05,28.44,30.20,28.34,29.60,3720800,29.60
2002-11-04,28.82,29.25,28.54,28.80,2657800,28.80
2002-11-01,27.85,28.98,27.17,28.37,2609100,28.37
2002-10-31,27.77,28.52,27.08,27.85,3412500,27.85
2002-10-30,27.52,28.77,27.45,27.82,2605400,27.82
2002-10-29,27.22,27.80,26.68,27.50,2408300,27.50
2002-10-28,27.75,28.67,27.07,27.24,3851500,27.24
2002-10-25,27.01,27.94,26.94,27.52,2561900,27.52
2002-10-24,27.90,27.91,26.71,26.79,2647000,26.79
2002-10-23,28.48,28.50,27.38,27.97,3587500,27.97
2002-10-22,28.29,28.85,27.78,28.43,2357000,28.43
2002-10-21,28.20,28.96,27.50,28.45,2965000,28.45
2002-10-18,27.95,29.00,27.67,28.45,3811900,28.45
2002-10-17,27.35,28.75,27.35,28.36,7116700,28.36
2002-10-16,24.15,26.67,24.10,26.27,7524200,26.27
2002-10-15,25.84,26.03,24.18,24.76,4895800,24.76
2002-10-14,23.30,24.99,23.29,24.78,3892300,24.78
2002-10-11,22.66,23.73,22.51,23.57,3422600,23.57
2002-10-10,21.46,22.56,20.95,22.56,3934400,22.56
2002-10-09,21.05,21.92,20.84,21.39,3165200,21.39
2002-10-08,21.46,21.70,21.04,21.34,3831800,21.34
2002-10-07,20.88,21.85,20.83,21.23,2920300,21.23
2002-10-04,21.80,22.55,21.17,21.24,3633900,21.24
2002-10-03,22.67,23.90,22.10,22.45,9246200,22.45
2002-10-02,21.53,22.29,20.82,21.00,4442000,21.00
2002-10-01,20.62,21.78,19.90,21.73,3626600,21.73
2002-09-30,20.65,21.48,19.77,20.61,4112200,20.61
2002-09-27,21.13,22.25,20.60,20.68,2680200,20.68
2002-09-26,22.77,23.26,21.08,21.38,4386400,21.38
2002-09-25,21.20,22.45,20.85,22.40,3146500,22.40
2002-09-24,20.00,21.42,19.87,20.71,3889900,20.71
2002-09-23,21.29,21.37,20.16,20.18,3580900,20.18
2002-09-20,21.75,22.23,20.79,21.42,7706800,21.42
2002-09-19,21.38,22.77,21.19,21.75,6527300,21.75
2002-09-18,20.39,21.95,20.24,21.70,4184800,21.70
2002-09-17,20.60,20.91,20.06,20.62,5318800,20.62
2002-09-16,18.15,20.50,17.95,19.95,11885500,19.95
2002-09-13,18.75,19.00,17.92,18.40,5143900,18.40
2002-09-12,19.80,19.90,19.15,19.45,2188400,19.45
2002-09-11,21.20,21.30,19.92,20.00,1481600,20.00
2002-09-10,20.09,20.39,19.49,20.19,2971300,20.19
2002-09-09,19.45,20.75,18.58,20.10,3658400,20.10
2002-09-06,19.56,20.02,19.44,19.59,2128500,19.59
2002-09-05,20.06,20.11,18.93,19.11,2821900,19.11
2002-09-04,19.88,20.79,19.38,20.54,2379200,20.54
2002-09-03,20.30,20.54,19.64,19.90,2851800,19.90
2002-08-30,21.90,22.90,20.55,20.68,3757600,20.68
2002-08-29,22.00,22.98,21.70,22.47,1840500,22.47
2002-08-28,22.33,23.15,22.28,22.36,2776800,22.36
2002-08-27,23.50,23.69,22.05,22.14,2922000,22.14
2002-08-26,23.50,23.58,22.38,23.12,3260600,23.12
2002-08-23,25.00,25.00,23.62,23.65,3478800,23.65
2002-08-22,24.99,25.83,23.90,25.34,3179700,25.34
2002-08-21,23.58,24.92,23.46,24.89,2420500,24.89
2002-08-20,23.38,23.72,22.88,23.25,3045500,23.25
2002-08-19,24.16,24.34,23.02,23.72,2298500,23.72
2002-08-16,24.54,24.68,23.16,24.26,2904500,24.26
2002-08-15,24.31,24.99,23.46,24.83,3651000,24.83
2002-08-14,21.74,23.98,21.06,23.94,3070700,23.94
2002-08-13,23.32,23.64,21.58,21.59,3055800,21.59
2002-08-12,23.00,23.60,22.50,23.44,1640300,23.44
2002-08-09,23.00,24.36,22.09,23.29,2858000,23.29
2002-08-08,22.50,23.74,21.73,23.02,3523200,23.02
2002-08-07,21.83,22.60,21.27,22.57,2586500,22.57
2002-08-06,20.60,21.74,20.36,21.51,2769100,21.51
2002-08-05,21.26,21.70,20.27,20.58,3030100,20.58
2002-08-02,21.91,22.41,20.76,21.29,2973400,21.29
2002-08-01,22.65,22.70,21.36,21.79,3133400,21.79
2002-07-31,22.80,23.16,21.21,22.78,5125600,22.78
2002-07-30,21.34,23.74,20.30,23.15,4915700,23.15
2002-07-29,20.00,21.48,19.84,21.31,3422500,21.31
2002-07-26,17.95,20.01,17.94,19.98,5173100,19.98
2002-07-25,19.80,20.74,19.20,19.70,5226500,19.70
2002-07-24,18.31,19.91,17.70,19.86,3550600,19.86
2002-07-23,18.64,19.26,18.09,18.50,3748400,18.50
2002-07-22,18.85,19.74,18.19,18.64,3736600,18.64
2002-07-19,18.65,19.16,17.91,18.55,3093000,18.55
2002-07-18,20.53,21.00,18.95,18.96,4924000,18.96
2002-07-17,19.65,21.57,19.15,20.60,7019300,20.60
2002-07-16,17.87,19.41,17.87,18.66,3605500,18.66
2002-07-15,17.82,18.39,17.10,18.03,3993700,18.03
2002-07-12,18.23,18.48,16.54,17.95,3647900,17.95
2002-07-11,16.72,17.75,15.64,17.73,4961900,17.73
2002-07-10,17.66,18.00,16.35,16.88,5060000,16.88
2002-07-09,19.81,20.31,18.13,18.19,2808400,18.19
2002-07-08,19.83,21.50,17.86,19.58,8532600,19.58
2002-07-05,18.84,20.23,18.50,19.87,2324800,19.87
2002-07-03,17.64,18.70,17.00,18.11,4096200,18.11
2002-07-02,17.75,18.35,16.92,17.47,4504800,17.47
2002-07-01,19.15,19.23,17.73,18.04,4054600,18.04
2002-06-28,19.25,20.18,18.91,19.24,3270200,19.24
2002-06-27,19.45,19.75,18.43,19.10,3435100,19.10
2002-06-26,18.45,19.22,17.75,19.00,8186100,19.00
2002-06-25,19.36,19.85,18.35,18.96,6250000,18.96
2002-06-24,19.01,19.74,18.14,19.26,10557100,19.26
2002-06-21,19.20,20.00,18.53,18.94,7240100,18.94
2002-06-20,19.87,20.35,19.32,19.70,23046500,19.70
2002-06-19,27.10,27.10,25.62,25.87,4706100,25.87
2002-06-18,27.15,27.59,26.75,26.91,4682500,26.91
2002-06-17,27.26,28.06,27.25,27.62,4965000,27.62
2002-06-14,27.08,27.38,25.35,26.75,7059700,26.75
2002-06-13,27.31,28.08,26.71,27.54,3687500,27.54
2002-06-12,27.76,28.20,26.35,27.46,3725800,27.46
2002-06-11,30.25,30.34,27.34,27.56,4072500,27.56
2002-06-10,29.15,30.44,28.90,30.01,2247100,30.01
2002-06-07,28.35,29.50,27.71,29.28,3095400,29.28
2002-06-06,30.79,30.98,28.73,29.49,3342700,29.49
2002-06-05,30.44,31.49,29.97,30.78,2952100,30.78
2002-06-04,30.00,31.23,29.14,30.43,3807600,30.43
2002-06-03,32.04,32.72,29.50,29.59,3296700,29.59
2002-05-31,32.51,32.94,31.34,32.03,2723900,32.03
2002-05-30,31.71,32.74,31.13,32.52,4868000,32.52
2002-05-29,33.05,34.00,31.52,31.88,4709900,31.88
2002-05-28,33.97,33.97,32.52,33.70,2509800,33.70
2002-05-24,35.00,35.76,33.08,33.24,3586900,33.24
2002-05-23,33.76,35.89,32.40,35.66,3909000,35.66
2002-05-22,32.41,33.82,32.16,33.81,2551700,33.81
2002-05-21,34.40,34.80,32.30,32.34,3668300,32.34
2002-05-20,35.44,35.70,33.84,34.21,3415200,34.21
2002-05-17,35.53,35.73,34.86,35.58,3423500,35.58
2002-05-16,35.95,36.23,34.61,34.77,3296500,34.77
2002-05-15,36.35,37.74,35.90,36.20,4864100,36.20
2002-05-14,36.54,36.55,35.42,36.25,4141300,36.25
2002-05-13,35.62,36.34,34.66,35.46,4199400,35.46
2002-05-10,38.06,38.08,34.36,35.41,5094600,35.41
2002-05-09,38.73,39.35,37.53,37.60,2695000,37.60
2002-05-08,36.52,39.53,36.48,39.32,3730000,39.32
2002-05-07,36.32,36.87,35.73,35.80,4255500,35.80
2002-05-06,38.10,38.51,35.84,36.08,3315900,36.08
2002-05-03,39.21,39.40,37.48,38.17,4297600,38.17
2002-05-02,39.74,40.29,39.20,39.53,2590600,39.53
2002-05-01,40.75,40.97,39.57,39.83,4026200,39.83
2002-04-30,38.65,41.41,38.49,40.94,4055800,40.94
2002-04-29,39.15,39.30,38.12,38.65,3681600,38.65
2002-04-26,40.59,40.75,39.02,39.12,3970800,39.12
2002-04-25,41.36,41.92,39.81,40.36,4435300,40.36
2002-04-24,41.70,42.40,41.05,41.27,3713200,41.27
2002-04-23,40.65,41.62,40.54,40.95,2174200,40.95
2002-04-22,40.77,41.59,40.15,40.82,2573100,40.82
2002-04-19,42.25,42.50,40.88,40.88,2611200,40.88
2002-04-18,41.32,42.10,40.85,41.86,4937900,41.86
2002-04-17,42.75,43.23,40.50,41.99,13905800,41.99
2002-04-16,43.50,44.20,42.66,44.18,2609200,44.18
2002-04-15,42.40,43.61,41.55,43.32,3125100,43.32
2002-04-12,42.60,42.83,41.27,42.10,2777800,42.10
2002-04-11,43.01,43.46,41.98,42.30,4912600,42.30
2002-04-10,41.61,43.28,41.61,42.98,5098800,42.98
2002-04-09,40.10,42.03,40.04,40.67,6102300,40.67
2002-04-08,39.19,40.34,38.95,39.73,5185400,39.73
2002-04-05,40.85,41.40,38.84,39.27,6915600,39.27
2002-04-04,41.31,41.55,40.13,40.67,5404400,40.67
2002-04-03,42.71,42.97,40.59,41.15,4589600,41.15
2002-04-02,42.50,42.95,41.93,42.03,2960400,42.03
2002-04-01,43.54,43.78,42.15,42.65,4020300,42.65
2002-03-28,43.20,43.74,41.40,43.67,9160600,43.67
2002-03-27,44.55,46.10,42.83,43.37,20074500,43.37
2002-03-26,49.14,50.30,48.27,48.79,2062700,48.79
2002-03-25,51.65,51.80,49.20,49.25,2927500,49.25
2002-03-22,50.70,52.25,50.69,51.80,2991900,51.80
2002-03-21,49.51,51.05,48.95,50.83,2437400,50.83
2002-03-20,49.94,50.38,49.41,49.51,2754200,49.51
2002-03-19,51.51,51.89,50.10,50.54,2898800,50.54
2002-03-18,50.13,51.33,50.06,50.92,2771100,50.92
2002-03-15,49.10,50.08,48.75,50.01,3051700,50.01
2002-03-14,47.86,48.98,47.71,48.86,2523600,48.86
2002-03-13,46.96,48.10,46.83,47.64,3599900,47.64
2002-03-12,46.51,47.22,45.19,46.73,2693700,46.73
2002-03-11,46.35,47.30,46.09,46.38,3868200,46.38
2002-03-08,45.60,46.94,45.55,46.38,5007200,46.38
2002-03-07,43.30,45.89,43.17,45.01,5068300,45.01
2002-03-06,43.00,44.60,42.40,44.28,5400900,44.28
2002-03-05,43.78,44.19,42.17,42.86,4497100,42.86
2002-03-04,45.39,45.65,42.57,44.16,5373000,44.16
2002-03-01,44.35,45.30,42.90,44.47,4678400,44.47
2002-02-28,45.05,45.78,43.69,44.38,4017300,44.38
2002-02-27,47.12,48.35,43.91,44.98,4820700,44.98
2002-02-26,44.66,46.76,44.17,46.49,3548700,46.49
2002-02-25,45.74,45.75,43.70,44.55,6367700,44.55
2002-02-22,45.09,46.94,44.28,45.86,4012300,45.86
2002-02-21,47.12,47.94,44.96,44.96,3156600,44.96
2002-02-20,45.30,47.20,45.17,47.09,3938900,47.09
2002-02-19,45.79,46.15,44.20,44.62,4743500,44.62
2002-02-15,45.53,46.98,44.65,46.13,4558800,46.13
2002-02-14,46.24,47.17,44.70,45.01,4396600,45.01
2002-02-13,46.60,47.10,44.99,46.25,4665500,46.25
2002-02-12,43.53,47.65,43.35,46.20,7240600,46.20
2002-02-11,43.37,44.64,42.17,43.78,4291000,43.78
2002-02-08,39.49,44.25,39.28,43.30,7766600,43.30
2002-02-07,41.70,42.21,38.70,39.11,9164900,39.11
2002-02-06,44.62,44.80,41.22,41.34,6294800,41.34
2002-02-05,43.59,46.20,42.20,43.69,6136500,43.69
2002-02-04,46.45,46.50,43.30,44.04,5297000,44.04
2002-01-31,44.70,46.49,44.22,45.61,4983100,45.61
2002-01-30,45.89,46.00,40.69,44.46,13818300,44.46
2002-01-29,47.42,47.89,44.95,45.49,4190700,45.49
2002-01-28,47.15,48.88,46.95,47.21,5080300,47.21
2002-01-25,47.93,49.54,47.16,48.66,5414500,48.66
2002-01-24,51.24,51.25,45.30,47.95,19568800,47.95
2002-01-23,50.27,51.22,49.92,51.05,3768000,51.05
2002-01-22,49.76,51.22,49.20,49.82,3765400,49.82
2002-01-18,48.16,50.51,48.13,49.28,5501600,49.28
2002-01-17,51.29,51.60,48.45,48.69,7560500,48.69
2002-01-16,52.41,53.50,51.05,51.07,3978100,51.07
2002-01-15,52.75,53.99,51.37,52.57,5520300,52.57
2002-01-14,55.16,55.39,52.90,52.96,4503700,52.96
2002-01-11,54.65,55.75,54.05,55.27,3918000,55.27
2002-01-10,52.85,54.48,52.24,54.12,3274300,54.12
2002-01-09,54.10,54.53,52.33,52.40,7149900,52.40
2002-01-08,54.16,55.50,52.11,53.41,6569700,53.41
2002-01-07,56.50,56.60,53.70,53.72,3436000,53.72
2002-01-04,54.42,55.30,52.79,55.29,8326800,55.29
2002-01-03,56.05,57.36,53.65,54.29,5947100,54.29
2002-01-02,58.50,58.55,55.53,56.48,5033100,56.48
2001-12-31,60.87,60.97,59.45,59.86,2631800,59.86
2001-12-28,59.61,61.24,59.27,60.88,3078800,60.88
2001-12-27,60.05,60.13,58.70,59.49,2685300,59.49
2001-12-26,59.27,60.16,59.25,60.05,2549800,60.05
2001-12-24,59.15,59.70,58.79,59.26,1880600,59.26
2001-12-21,60.11,60.45,58.30,59.44,4832200,59.44
2001-12-20,60.86,61.03,58.97,59.00,4987500,59.00
2001-12-19,59.67,61.64,58.72,60.80,4063900,60.80
2001-12-18,58.72,60.12,58.59,59.88,2342600,59.88
2001-12-17,58.41,59.66,58.20,58.89,8864900,58.89
2001-12-14,57.58,59.42,57.38,58.57,6467000,58.57
2001-12-13,59.10,59.13,57.05,57.77,55377300,57.77
2001-12-12,57.87,58.40,56.36,57.50,3788600,57.50
2001-12-11,58.01,59.28,56.46,58.00,4023900,58.00
2001-12-10,58.31,59.70,57.58,57.86,3095600,57.86
2001-12-07,58.84,58.93,58.05,58.51,3184600,58.51
2001-12-06,57.56,59.34,57.49,58.70,3346000,58.70
2001-12-05,56.65,57.76,56.40,57.65,2904500,57.65
2001-12-04,55.44,56.55,55.23,56.17,2117400,56.17
2001-12-03,54.13,55.97,53.62,55.30,2994200,55.30
2001-11-30,53.91,54.63,52.89,54.62,3162900,54.62
2001-11-29,53.40,54.35,52.35,54.18,4191600,54.18
2001-11-28,54.61,56.13,54.15,54.35,2311500,54.35
2001-11-27,55.60,56.64,54.42,55.06,2195400,55.06
2001-11-26,55.00,56.07,54.02,56.04,2519800,56.04
2001-11-23,54.85,54.86,54.28,54.86,1088100,54.86
2001-11-21,54.79,55.29,53.56,54.64,2818200,54.64
2001-11-20,57.55,57.55,54.78,55.00,3119700,55.00
2001-11-19,55.24,57.60,55.23,57.53,2676300,57.53
2001-11-16,55.77,56.13,54.81,55.22,1695300,55.22
2001-11-15,54.96,56.40,54.13,56.01,3587500,56.01
2001-11-14,55.56,55.98,53.87,54.97,2431600,54.97
2001-11-13,53.90,55.40,53.44,55.02,2068600,55.02
2001-11-12,52.99,53.23,50.83,52.86,2520900,52.86
2001-11-09,54.28,54.48,52.15,52.86,4420300,52.86
2001-11-08,55.84,56.14,54.15,54.32,4114300,54.32
2001-11-07,56.40,56.64,55.00,55.40,4892600,55.40
2001-11-06,56.96,57.00,54.76,56.50,4036400,56.50
2001-11-05,55.16,56.95,54.51,56.80,4061800,56.80
2001-11-02,53.76,55.14,53.68,54.38,2880600,54.38
2001-11-01,53.91,53.99,51.94,53.69,5183300,53.69
2001-10-31,53.52,54.34,53.20,53.95,4918400,53.95
2001-10-30,52.12,53.17,50.66,52.46,2705700,52.46
2001-10-29,54.45,54.50,52.28,52.78,4048300,52.78
2001-10-26,53.90,55.05,53.25,54.32,5008200,54.32
2001-10-25,52.82,54.20,50.85,54.04,4524700,54.04
2001-10-24,50.40,53.73,50.38,53.21,6937200,53.21
2001-10-23,50.09,51.45,48.96,50.59,7922100,50.59
2001-10-22,46.88,49.10,45.00,48.70,5744800,48.70
2001-10-19,45.00,47.25,44.57,46.78,5980700,46.78
2001-10-18,44.65,46.45,44.44,45.01,8160700,45.01
2001-10-17,48.85,49.28,44.12,44.17,7319700,44.17
2001-10-16,50.59,50.80,46.78,48.38,8272600,48.38
2001-10-15,52.61,52.71,49.49,50.26,5177500,50.26
2001-10-12,50.05,53.70,50.03,53.03,7141800,53.03
2001-10-11,48.13,51.14,48.12,50.79,5749700,50.79
2001-10-10,45.34,47.74,45.23,47.55,3069600,47.55
2001-10-09,44.56,46.07,44.45,45.16,2702100,45.16
2001-10-08,45.15,45.71,43.37,44.04,3465800,44.04
2001-10-05,44.39,46.26,44.25,45.35,3077600,45.35
2001-10-04,48.03,48.15,44.10,44.18,4917100,44.18
2001-10-03,46.62,48.75,46.00,47.71,3277300,47.71
2001-10-02,46.14,48.18,46.02,46.86,2916600,46.86
2001-10-01,45.65,46.33,44.10,45.99,2717700,45.99
2001-09-28,46.95,48.20,44.94,45.42,4365300,45.42
2001-09-27,45.66,47.88,44.55,46.60,4601400,46.60
2001-09-26,44.82,46.60,44.81,45.65,6220700,45.65
2001-09-25,41.81,44.45,41.80,44.41,7121200,44.41
2001-09-24,41.90,42.83,41.30,41.84,4742400,41.84
2001-09-21,41.56,42.57,40.49,40.74,5467200,40.74
2001-09-20,41.80,44.40,41.68,43.95,4412600,43.95
2001-09-19,43.85,43.99,39.61,43.14,8998300,43.14
2001-09-18,47.61,47.70,44.00,44.05,4979100,44.05
2001-09-17,50.29,51.75,47.12,47.14,4580900,47.14
2001-09-10,51.10,53.00,51.00,51.78,2807300,51.78
2001-09-07,51.96,52.15,50.76,51.50,4812300,51.50
2001-09-06,53.86,54.40,52.17,52.79,4890000,52.79
2001-09-05,54.70,55.30,53.06,53.93,3547500,53.93
2001-09-04,56.99,57.74,54.45,54.65,2995500,54.65
2001-08-31,56.41,57.25,55.80,56.64,1824600,56.64
2001-08-30,56.15,58.05,55.93,56.90,3058000,56.90
2001-08-29,55.93,56.50,55.40,56.41,2160000,56.41
2001-08-28,55.84,56.86,54.78,55.68,2807500,55.68
2001-08-27,55.95,56.41,55.34,55.64,2230100,55.64
2001-08-24,55.30,56.40,55.15,56.14,3142600,56.14
2001-08-23,54.41,56.75,54.25,54.89,4378700,54.89
2001-08-22,52.22,54.83,51.46,54.79,3839100,54.79
2001-08-21,53.43,54.40,51.99,52.98,5679800,52.98
2001-08-20,52.67,53.50,51.52,53.23,2674700,53.23
2001-08-17,52.22,53.75,52.11,52.14,1826100,52.14
2001-08-16,52.75,53.43,51.55,52.40,3930200,52.40
2001-08-15,55.71,56.40,52.60,53.20,4162700,53.20
2001-08-14,56.81,56.87,55.55,55.76,3296300,55.76
2001-08-13,54.41,56.74,53.69,56.71,3013700,56.71
2001-08-10,55.15,55.50,53.63,54.44,2955600,54.44
2001-08-09,54.51,55.30,52.68,55.16,4062900,55.16
2001-08-08,56.36,58.88,53.75,54.33,5749800,54.33
2001-08-07,57.01,57.25,54.85,56.90,4045700,56.90
2001-08-06,58.49,59.35,56.41,56.64,3276500,56.64
2001-08-03,57.71,59.44,57.43,58.75,4821000,58.75
2001-08-02,57.35,58.00,55.15,57.68,3200100,57.68
2001-08-01,56.30,57.88,55.81,57.31,2351300,57.31
2001-07-31,55.95,58.35,55.91,56.00,3072700,56.00
2001-07-30,57.35,57.49,55.20,55.79,4713000,55.79
2001-07-27,55.30,57.43,54.50,56.56,3519600,56.56
2001-07-26,52.59,56.53,52.48,54.80,4402700,54.80
2001-07-25,50.95,52.98,50.94,52.15,5375200,52.15
2001-07-24,52.84,52.91,48.20,50.83,9336900,50.83
2001-07-23,55.25,55.70,52.85,53.56,2513200,53.56
2001-07-20,53.24,54.85,52.90,54.71,2773900,54.71
2001-07-19,57.16,57.21,52.36,52.96,5211900,52.96
2001-07-18,53.02,54.83,53.00,54.25,4285900,54.25
2001-07-17,52.40,53.92,52.26,52.58,3497700,52.58
2001-07-16,55.99,56.00,51.70,51.96,5767000,51.96
2001-07-13,55.75,57.50,55.24,55.95,3857100,55.95
2001-07-12,56.26,56.79,54.00,56.24,4616300,56.24
2001-07-11,58.19,58.20,55.50,57.33,3244700,57.33
2001-07-10,58.81,59.89,57.50,58.22,4162500,58.22
2001-07-09,56.85,58.84,56.85,58.35,2925900,58.35
2001-07-06,57.34,58.24,56.67,57.13,2583600,57.13
2001-07-05,58.80,59.21,57.34,57.46,2578600,57.46
2001-07-03,58.95,59.85,58.55,59.00,2079800,59.00
2001-07-02,59.09,59.71,58.70,59.25,3477800,59.25
2001-06-29,57.06,64.00,56.71,61.00,3579100,61.00
2001-06-28,56.31,58.46,56.30,57.57,4252200,57.57
2001-06-27,54.88,56.60,54.50,56.06,4101900,56.06
2001-06-26,50.97,55.22,50.80,54.50,4194000,54.50
2001-06-25,55.17,55.90,52.50,52.52,3471400,52.52
2001-06-22,55.56,56.16,53.85,55.25,2982200,55.25
2001-06-21,55.46,57.32,54.00,55.92,3425700,55.92
2001-06-20,52.30,55.51,52.13,55.49,3366800,55.49
2001-06-19,53.87,54.10,52.23,52.48,3869200,52.48
2001-06-18,52.77,53.70,52.30,52.95,3014700,52.95
2001-06-15,51.33,52.80,51.00,52.30,6515400,52.30
2001-06-14,53.45,53.46,51.50,51.78,3577100,51.78
2001-06-13,55.32,55.76,53.19,53.45,2531300,53.45
2001-06-12,52.28,55.55,52.04,54.62,3016200,54.62
2001-06-11,55.45,56.00,53.34,53.77,2383300,53.77
2001-06-08,57.01,57.13,55.31,55.64,2519400,55.64
2001-06-07,56.68,58.44,56.25,56.87,3284300,56.87
2001-06-06,57.65,57.75,55.66,56.99,4593800,56.99
2001-06-05,55.10,58.29,54.75,57.22,5387800,57.22
2001-06-04,54.37,55.15,53.63,54.74,2161500,54.74
2001-06-01,107.25,110.00,105.85,109.01,1460400,54.51
2001-05-31,103.87,107.95,103.70,106.94,2064600,53.47
2001-05-30,103.05,105.55,102.10,103.42,1845800,51.71
2001-05-29,107.30,107.92,103.93,104.56,1426000,52.28
2001-05-25,107.74,108.10,104.92,107.50,988800,53.75
2001-05-24,104.43,109.00,104.30,108.42,1877200,54.21
2001-05-23,108.62,108.62,104.00,104.63,2001600,52.31
2001-05-22,109.11,110.02,107.50,109.46,2203800,54.73
2001-05-21,106.40,108.97,105.05,108.94,3528800,54.47
2001-05-18,107.92,107.97,105.04,106.34,1761200,53.17
2001-05-17,103.97,107.90,103.80,107.87,2018800,53.94
2001-05-16,101.32,104.50,100.03,104.23,2393600,52.12
2001-05-15,102.01,102.94,100.60,101.81,1544000,50.90
2001-05-14,103.85,104.47,101.12,102.04,2271000,51.02
2001-05-11,106.10,107.64,103.50,103.98,1147200,51.99
2001-05-10,106.19,108.50,105.79,106.09,2036400,53.04
2001-05-09,105.79,107.40,105.40,105.75,1908000,52.88
2001-05-08,105.60,106.55,104.22,105.96,1884000,52.98
2001-05-07,50.97,52.99,50.75,52.63,3185500,26.32
2001-05-04,98.00,103.03,97.50,101.80,4066400,50.90
2001-05-03,102.75,103.67,102.20,102.63,5412600,51.31
2001-05-02,111.08,111.25,103.75,108.16,3466600,54.08
2001-05-01,109.25,111.50,105.72,111.03,2792000,55.51
2001-04-30,54.05,55.17,53.09,54.49,3396800,27.24
2001-04-27,105.76,110.00,105.50,107.51,3028800,53.76
2001-04-26,103.75,106.51,102.29,105.37,1956000,52.69
2001-04-25,100.99,106.69,100.99,103.53,4161600,51.76
2001-04-24,103.80,104.00,100.45,101.05,2839400,50.53
2001-04-23,100.79,104.49,100.20,103.11,2784400,51.56
2001-04-20,101.19,102.59,99.60,101.79,3024000,50.90
2001-04-19,101.55,104.88,99.80,102.35,6329600,51.17
2001-04-18,107.00,108.96,102.95,104.89,4184800,52.44
2001-04-17,99.63,106.00,99.11,105.46,3936000,52.73
2001-04-16,100.46,102.89,99.09,100.04,2943600,50.02
2001-04-12,95.95,101.42,95.75,101.23,4942600,50.62
2001-04-11,98.08,98.53,94.19,96.68,4428200,48.34
2001-04-10,95.02,98.75,95.02,97.70,5102000,48.85
2001-04-09,93.63,95.27,92.81,95.00,2681200,47.50
2001-04-06,88.84,93.99,88.78,93.93,4020600,46.97
2001-04-05,87.06,90.95,85.55,90.62,3292400,45.31
2001-04-04,86.69,89.70,84.97,86.47,3168800,43.24
2001-04-03,86.61,90.50,86.41,87.11,3404400,43.56
2001-04-02,90.08,90.90,86.75,87.13,3022400,43.56
2001-03-30,92.70,93.00,88.49,90.33,4131000,45.17
2001-03-29,89.25,95.49,89.18,92.50,4822400,46.25
2001-03-28,88.08,90.90,87.40,89.79,2934000,44.90
2001-03-27,86.95,90.28,85.70,89.51,2599600,44.76
2001-03-26,85.67,88.99,85.49,86.95,2355200,43.47
2001-03-23,80.44,85.12,80.31,84.25,3458200,42.12
2001-03-22,77.50,81.38,72.12,80.44,6634000,40.22
2001-03-21,83.31,84.38,75.69,76.62,4502400,38.31
2001-03-20,90.00,90.44,82.75,82.81,1891600,41.41
2001-03-19,85.06,90.12,84.06,89.81,1670400,44.91
2001-03-16,86.06,88.44,84.62,85.06,2453600,42.53
2001-03-15,87.69,91.00,87.62,88.75,2189600,44.38
2001-03-14,84.56,89.06,84.25,87.25,1867200,43.62
2001-03-13,85.88,87.38,84.06,86.12,3266600,43.06
2001-03-12,89.81,90.00,85.00,85.19,2414000,42.59
2001-03-09,90.00,92.94,88.62,90.38,1532200,45.19
2001-03-08,91.75,94.44,88.00,90.31,2361600,45.16
2001-03-07,92.75,93.62,91.75,93.12,3155400,46.56
2001-03-06,90.38,92.81,89.25,90.44,1692400,45.22
2001-03-05,88.38,90.12,87.38,89.44,835600,44.72
2001-03-02,88.25,90.88,87.62,88.12,1633200,44.06
2001-03-01,87.69,89.12,85.44,88.88,1261400,44.44
2001-02-28,86.50,89.38,86.25,87.94,1747000,43.97
2001-02-27,88.25,90.06,86.50,86.75,1778000,43.38
2001-02-26,83.62,89.88,83.50,89.56,2285600,44.78
2001-02-23,79.94,83.06,79.38,82.83,2349200,41.41
2001-02-22,81.50,83.38,78.88,79.94,1434800,39.97
2001-02-21,80.69,84.75,80.19,81.19,1593600,40.59
2001-02-20,84.81,86.06,78.81,81.62,1602200,40.81
2001-02-16,82.50,85.75,81.31,84.25,2134800,42.12
2001-02-15,83.17,85.00,82.06,84.81,1383600,42.41
2001-02-14,82.69,84.94,80.31,83.00,2513600,41.50
2001-02-13,84.00,85.88,82.44,82.69,2715000,41.34
2001-02-12,85.44,86.12,81.25,82.88,6260000,41.44
2001-02-09,88.12,89.75,86.81,88.56,724600,44.28
2001-02-08,87.06,89.75,86.38,88.06,1460600,44.03
2001-02-07,85.72,88.25,85.44,86.44,2055800,43.22
2001-02-06,84.25,90.42,84.12,86.06,1641600,43.03
2001-02-05,85.02,85.02,81.62,84.00,1578000,42.00
2001-02-02,84.56,87.25,84.38,85.00,1201800,42.50
2001-02-01,86.56,86.56,84.69,85.06,1258000,42.53
2001-01-31,87.66,88.00,84.62,86.56,1347200,43.28
2001-01-30,90.31,91.00,85.88,87.75,1393600,43.88
2001-01-29,89.50,91.00,86.50,91.00,1493600,45.50
2001-01-26,88.44,89.75,87.12,89.25,1332800,44.62
2001-01-25,88.94,89.88,86.75,87.62,987600,43.81
2001-01-24,91.25,93.94,85.88,88.94,2357600,44.47
2001-01-23,85.62,94.62,85.00,93.06,2200600,46.53
2001-01-22,84.94,89.50,84.88,85.75,3124400,42.88
2001-01-19,83.88,84.88,81.00,82.25,1158200,41.12
2001-01-18,81.00,84.75,79.50,81.38,1438000,40.69
2001-01-17,86.25,86.88,80.44,81.38,2434800,40.69
2001-01-16,84.69,86.75,83.25,85.44,1463600,42.72
2001-01-12,83.25,87.00,80.75,85.31,2374000,42.66
2001-01-11,85.12,88.50,82.62,83.19,2534800,41.59
2001-01-10,80.06,87.75,79.25,85.69,3118000,42.84
2001-01-09,75.69,82.50,74.50,80.94,2657600,40.47
2001-01-08,74.38,77.62,68.69,76.06,3515600,38.03
2001-01-05,82.69,82.69,74.00,75.94,3484400,37.97
2001-01-04,90.06,92.12,80.38,82.69,3872000,41.34
2001-01-03,87.56,89.38,79.00,87.56,4529400,43.78
2001-01-02,89.38,93.00,87.00,87.50,1793000,43.75
2000-12-29,90.00,93.38,89.25,89.94,2522800,44.97
2000-12-28,89.69,91.88,85.81,87.06,1976800,43.53
2000-12-27,87.94,91.12,87.62,89.75,3429400,44.88
2000-12-26,94.31,97.81,94.25,95.88,1162800,47.94
2000-12-22,93.75,95.06,91.75,94.06,1068400,47.03
2000-12-21,88.44,95.25,88.38,94.50,2579800,47.25
2000-12-20,90.25,91.50,86.06,87.81,2108800,43.91
2000-12-19,96.11,99.12,89.75,90.44,3345200,45.22
2000-12-18,95.00,95.62,92.75,95.56,1430000,47.78
2000-12-15,96.69,96.75,88.81,93.81,2589600,46.91
2000-12-14,96.50,98.75,94.75,95.06,1357000,47.53
2000-12-13,95.25,98.00,94.69,95.56,1717600,47.78
2000-12-12,100.12,100.12,95.00,95.06,872800,47.53
2000-12-11,100.25,101.38,97.00,100.44,2106200,50.22
2000-12-08,91.88,103.75,91.69,103.00,3822600,51.50
2000-12-07,88.69,91.75,88.69,90.44,1105200,45.22
2000-12-06,93.50,94.31,89.38,89.50,2328600,44.75
2000-12-05,83.56,92.25,83.50,92.25,2357600,46.12
2000-12-04,85.81,86.00,82.12,82.25,1941000,41.12
2000-12-01,89.25,89.25,84.19,85.81,1522000,42.91
2000-11-30,87.12,90.75,86.00,87.81,2199400,43.91
2000-11-29,87.38,90.00,85.88,89.31,1882600,44.66
2000-11-28,84.56,88.12,84.31,87.72,2550200,43.86
2000-11-27,80.69,85.00,80.69,84.94,1061600,42.47
2000-11-24,78.75,80.50,78.12,80.38,443800,40.19
2000-11-22,76.31,78.25,74.56,77.75,1335200,38.88
2000-11-21,76.19,78.25,74.25,76.00,1717200,38.00
2000-11-20,78.31,79.94,74.25,75.62,1633400,37.81
2000-11-17,80.69,83.12,78.69,80.38,1420600,40.19
2000-11-16,82.25,85.88,80.25,80.44,1126000,40.22
2000-11-15,80.00,86.50,80.00,84.75,1825000,42.38
2000-11-14,78.94,79.50,76.62,79.31,1529200,39.66
2000-11-13,79.75,81.50,76.12,77.38,2535200,38.69
2000-11-10,81.88,84.94,81.12,81.56,1328000,40.78
2000-11-09,84.12,84.12,80.94,82.44,1700800,41.22
2000-11-08,85.75,89.12,84.38,84.38,2641200,42.19
2000-11-07,83.25,86.44,81.00,82.88,2162200,41.44
2000-11-06,87.00,88.25,83.19,83.94,3310600,41.97
2000-11-03,82.31,87.00,82.25,86.81,6364600,43.41
2000-11-02,78.00,82.94,78.00,80.00,6782600,40.00
2000-11-01,71.69,75.30,71.00,73.25,1966600,36.62
2000-10-31,72.12,74.44,70.06,71.00,1347200,35.50
2000-10-30,72.38,72.50,69.38,71.88,1042800,35.94
2000-10-27,71.62,73.25,68.88,72.25,937200,36.12
2000-10-26,73.06,74.31,68.06,72.25,1553800,36.12
2000-10-25,71.69,76.00,71.50,72.94,1933600,36.47
2000-10-24,77.00,77.75,70.88,71.81,1680600,35.91
2000-10-23,71.88,76.50,71.88,76.00,2628800,38.00
2000-10-20,70.31,72.62,70.25,71.88,1230400,35.94
2000-10-19,72.19,73.12,67.12,69.25,1520800,34.62
2000-10-18,68.00,73.00,67.62,71.50,1958000,35.75
2000-10-17,68.12,70.62,68.00,70.06,2305000,35.03
2000-10-16,68.56,69.94,67.06,67.75,944800,33.88
2000-10-13,65.25,69.06,64.88,69.06,853400,34.53
2000-10-12,64.62,66.50,63.56,65.44,1278000,32.72
2000-10-11,64.44,67.12,64.19,65.00,970600,32.50
2000-10-10,65.62,69.44,64.75,65.56,1071600,32.78
2000-10-09,63.88,66.69,61.75,65.62,846800,32.81
2000-10-06,64.00,68.12,63.81,63.94,2249200,31.97
2000-10-05,64.00,65.88,62.81,62.88,1826600,31.44
2000-10-04,65.62,65.75,61.62,64.06,1473600,32.03
2000-10-03,66.59,67.88,65.75,65.75,1286800,32.88
2000-10-02,68.25,68.38,64.31,65.62,1019600,32.81
2000-09-29,67.75,69.56,66.12,68.19,1348400,34.09
2000-09-28,65.38,68.81,65.38,68.38,1386800,34.19
2000-09-27,64.88,67.62,64.81,65.81,1083600,32.91
2000-09-26,66.88,66.94,64.12,64.81,1063400,32.41
2000-09-25,66.75,70.44,66.75,67.06,1000800,33.53
2000-09-22,62.88,66.94,62.38,66.44,1277200,33.22
2000-09-21,63.06,63.88,62.88,63.50,1226000,31.75
2000-09-20,63.00,64.12,62.25,63.12,1061200,31.56
2000-09-19,64.00,64.25,62.25,63.44,2363400,31.72
2000-09-18,68.25,68.25,63.62,63.75,2653400,31.88
2000-09-15,67.00,68.31,65.50,68.12,3109800,34.06
2000-09-14,63.69,64.69,63.62,64.12,1769800,32.06
2000-09-13,59.56,63.56,59.50,63.56,2676800,31.78
2000-09-12,57.75,60.25,57.69,59.56,1860000,29.78
2000-09-11,61.56,62.00,56.88,57.69,4578400,28.84
2000-09-08,66.31,66.50,63.75,65.31,787200,32.66
2000-09-07,62.44,67.36,62.44,66.19,1792000,33.09
2000-09-06,69.44,69.50,61.12,61.38,2151200,30.69
2000-09-05,74.38,75.00,68.88,69.06,908800,34.53
2000-09-01,75.62,75.88,73.88,74.38,712000,37.19
2000-08-31,73.12,76.50,73.00,75.06,2243000,37.53
2000-08-30,71.19,73.38,70.75,73.00,865000,36.50
2000-08-25,71.62,72.88,71.31,72.25,677200,36.12
2000-08-24,71.12,72.00,70.38,71.94,653000,35.97
2000-08-23,71.25,71.31,68.44,71.00,635600,35.50
2000-08-22,69.56,72.38,68.00,72.25,1074800,36.12
2000-08-21,69.88,70.00,68.00,69.38,506600,34.69
2000-08-18,72.25,72.56,69.19,69.75,623400,34.88
2000-08-17,70.00,73.06,70.00,72.25,424400,36.12
2000-08-16,68.69,71.50,68.56,70.06,504400,35.03
2000-08-15,69.88,70.00,67.00,68.62,631800,34.31
2000-08-14,72.88,73.00,68.56,69.50,1313600,34.75
2000-08-11,69.06,73.00,67.38,72.94,901400,36.47
2000-08-10,69.88,69.94,65.62,68.94,1075600,34.47
2000-08-09,70.19,70.75,68.12,69.88,700000,34.94
2000-08-08,72.62,72.62,69.38,70.19,680800,35.09
2000-08-07,73.19,74.00,72.19,73.25,562400,36.62
2000-08-04,72.62,75.00,71.06,73.00,962400,36.50
2000-08-03,69.94,73.12,68.88,73.12,899200,36.56
2000-08-02,69.81,71.31,69.62,71.12,1492000,35.56
2000-08-01,68.62,71.25,68.25,69.75,1356800,34.88
2000-07-31,66.00,69.50,62.94,69.44,938000,34.72
2000-07-28,71.12,71.19,64.88,65.12,1137000,32.56
2000-07-27,68.00,72.50,67.62,71.31,2216800,35.66
2000-07-26,68.19,70.62,66.88,68.12,2094400,34.06
2000-07-25,69.00,69.00,67.81,68.31,1501200,34.16
2000-07-24,68.06,70.25,68.06,69.17,1394800,34.59
2000-07-21,66.56,69.19,66.56,68.19,1140800,34.09
2000-07-20,64.38,66.62,63.69,66.06,1100800,33.03
2000-07-19,65.06,65.12,63.31,63.69,767600,31.84
2000-07-18,65.12,66.88,63.25,64.81,1043600,32.41
2000-07-17,63.44,65.94,62.00,65.38,1522800,32.69
2000-07-14,64.25,64.56,62.25,63.00,811200,31.50
2000-07-13,65.81,66.50,64.19,64.38,933800,32.19
2000-07-12,67.75,68.25,65.62,66.62,1553400,33.31
2000-07-11,69.00,70.44,67.50,67.62,2141200,33.81
2000-07-10,65.94,70.62,65.75,69.81,2413600,34.91
2000-07-07,63.00,66.25,62.62,64.25,3100400,32.12
2000-07-06,59.75,63.38,59.38,62.75,1599600,31.38
2000-07-05,58.75,61.44,57.88,59.50,1082400,29.75
2000-07-03,58.81,59.50,57.50,59.00,367400,29.50
2000-06-30,58.62,59.81,58.12,59.44,935800,29.72
2000-06-29,58.53,60.00,57.38,58.38,777800,29.19
2000-06-28,56.12,59.06,56.00,59.00,1060000,29.50
2000-06-27,57.94,59.00,55.75,56.00,932000,28.00
2000-06-26,54.88,58.00,54.81,57.94,650200,28.97
2000-06-23,57.19,57.69,55.25,55.69,594000,27.84
2000-06-22,58.88,59.12,56.50,56.88,1084800,28.44
2000-06-21,59.19,59.50,57.38,59.25,1984800,29.62
2000-06-20,59.62,60.25,58.88,60.12,1837600,30.06
2000-06-19,56.75,60.75,56.31,60.38,1497600,30.19
2000-06-16,58.75,60.00,55.25,56.75,2223200,28.38
2000-06-15,55.25,56.50,52.50,56.44,1473600,28.22
2000-06-14,58.50,59.31,55.50,55.81,365600,27.91
2000-06-13,53.62,57.75,53.56,57.50,596800,28.75
2000-06-12,57.88,57.88,53.56,54.06,633600,27.03
2000-06-08,58.62,58.62,55.75,55.88,523600,27.94
2000-06-07,59.81,60.25,55.62,58.62,800800,29.31
2000-06-06,58.62,60.00,58.00,59.50,748800,29.75
2000-06-05,58.25,60.00,57.25,59.50,672400,29.75
2000-06-01,57.56,59.50,55.88,58.44,851600,29.22
2000-05-31,58.00,59.12,56.50,56.81,1224400,28.41
2000-05-30,52.88,59.12,52.88,59.06,1043600,29.53
2000-05-26,53.19,54.50,52.31,52.94,385800,26.47
2000-05-25,53.75,55.63,52.75,53.00,1249600,26.50
2000-05-24,49.63,53.62,48.94,53.62,1314400,26.81
2000-05-23,53.69,54.25,49.50,49.69,1024000,24.84
2000-05-22,53.06,54.75,50.25,53.62,738000,26.81
2000-05-19,52.37,54.75,51.81,52.44,645600,26.22
2000-05-18,55.56,55.69,53.00,53.00,901200,26.50
2000-05-17,54.75,57.00,52.31,55.00,1196000,27.50
2000-05-16,51.00,56.25,50.81,56.12,1583200,28.06
2000-05-15,51.00,52.88,49.44,50.50,784800,25.25
2000-05-12,50.75,51.50,50.50,50.94,1215000,25.47
2000-05-11,48.62,51.38,48.25,50.75,1554400,25.38
2000-05-10,49.94,49.94,45.50,47.50,1770400,23.75
2000-05-09,51.88,53.00,48.75,50.50,1190000,25.25
2000-05-08,50.12,52.94,49.88,51.31,1290400,25.66
2000-05-05,48.38,51.00,48.38,50.87,934000,25.44
2000-05-04,48.88,49.44,47.52,48.62,1120400,24.31
2000-05-03,47.44,48.13,46.37,47.75,1220800,23.88
2000-05-02,48.50,48.88,45.38,48.00,1382800,24.00
2000-05-01,49.37,50.12,47.69,48.81,1573400,24.41
2000-04-28,42.94,48.94,42.88,48.81,1801800,24.41
2000-04-27,42.00,42.50,41.00,41.94,928800,20.97
2000-04-26,45.75,45.81,42.50,42.56,978800,21.28
2000-04-25,41.69,45.56,41.00,45.44,745000,22.72
2000-04-24,42.13,42.13,40.37,41.00,1050400,20.50
2000-04-20,42.62,43.37,41.62,42.31,1825600,21.16
2000-04-19,43.63,44.12,40.63,40.75,838400,20.37
2000-04-18,42.50,44.50,42.38,43.63,854000,21.81
2000-04-17,41.00,43.00,40.69,42.44,1425200,21.22
2000-04-14,44.50,44.87,41.12,41.44,1656800,20.72
2000-04-13,47.38,47.38,44.00,45.19,997200,22.59
2000-04-12,46.25,47.25,44.81,46.69,997200,23.34
2000-04-11,45.36,46.63,44.50,46.50,1388800,23.25
2000-04-10,47.50,49.25,46.19,46.81,941800,23.41
2000-04-07,49.41,49.75,46.50,48.13,813000,24.06
2000-04-06,48.50,49.63,47.75,48.19,996800,24.09
2000-04-05,46.12,51.38,45.25,47.00,1532400,23.50
2000-04-04,48.06,48.50,45.00,46.50,1392800,23.25
2000-04-03,50.25,52.50,48.25,48.88,844000,24.44
2000-03-31,49.00,50.62,48.00,50.12,1293200,25.06
2000-03-30,48.38,48.56,46.44,48.19,1093800,24.09
2000-03-29,48.13,48.88,47.50,48.06,849600,24.03
2000-03-28,50.12,50.12,47.62,47.75,736000,23.88
2000-03-27,52.00,52.00,48.13,50.00,839200,25.00
2000-03-24,51.56,54.00,50.75,51.62,1053200,25.81
2000-03-23,54.25,54.31,49.50,50.75,989400,25.38
2000-03-22,51.00,55.00,50.25,53.87,1215000,26.94
2000-03-21,47.00,49.88,45.00,49.75,1068400,24.87
2000-03-20,50.25,51.94,45.69,46.06,1000000,23.03
2000-03-17,48.88,51.38,48.13,49.25,1561600,24.63
2000-03-16,45.38,49.25,45.38,48.88,1701200,24.44
2000-03-15,46.56,47.94,44.00,44.38,3223600,22.19
2000-03-14,52.44,52.50,46.31,46.44,2028000,23.22
2000-03-13,56.06,56.50,51.56,51.94,904600,25.97
2000-03-10,57.88,59.00,56.00,57.62,1150600,28.81
2000-03-09,56.50,59.31,55.00,57.00,1431600,28.50
2000-03-08,57.50,57.62,54.81,56.50,1392800,28.25
2000-03-07,60.13,60.19,51.00,56.81,2742400,28.41
2000-03-06,60.62,62.12,58.37,59.75,1832800,29.88
2000-03-03,56.69,61.00,56.50,60.38,1248800,30.19
2000-03-02,61.00,61.37,55.00,56.31,2275200,28.16
2000-03-01,57.81,61.69,57.25,60.00,1610800,30.00
2000-02-29,57.38,58.50,56.38,57.44,1623800,28.72
2000-02-28,59.75,59.81,53.25,56.06,1477400,28.03
2000-02-25,60.94,61.00,56.87,58.69,1442000,29.34
2000-02-24,62.69,63.50,57.50,60.25,2170400,30.12
2000-02-22,61.37,61.37,53.50,59.06,2435200,29.53
2000-02-18,58.63,63.00,58.06,61.37,2754000,30.69
2000-02-17,53.44,59.31,53.44,57.25,2840000,28.62
2000-02-16,53.06,53.56,51.25,52.94,1490400,26.47
2000-02-15,49.69,52.50,49.37,52.19,2015800,26.09
2000-02-14,51.06,52.25,49.25,50.06,1141200,25.03
2000-02-11,54.50,55.00,49.12,50.75,1043200,25.38
2000-02-10,56.31,56.50,53.50,54.25,1240000,27.12
2000-02-09,57.50,58.56,55.75,56.12,1508800,28.06
2000-02-08,56.69,57.44,55.44,57.00,1133200,28.50
2000-02-07,54.13,56.75,53.62,56.00,1278800,28.00
2000-02-04,54.75,55.75,53.44,54.25,802000,27.12
2000-02-03,54.13,55.00,52.63,54.50,1156800,27.25
2000-02-02,53.50,53.87,50.12,53.87,1209600,26.94
2000-02-01,52.94,54.00,50.75,53.94,1130000,26.97
