Date,Open,High,Low,Close,Volume,Adj Close
2012-09-12,27.33,27.69,27.26,27.31,13955400,27.31
2012-09-11,27.45,27.68,27.29,27.32,13872700,27.32
2012-09-10,27.61,27.93,27.37,27.38,12349400,27.38
2012-09-07,27.30,27.76,27.25,27.70,16368400,27.70
2012-09-06,26.60,27.52,26.60,27.51,22897600,27.51
2012-09-05,26.28,26.53,26.03,26.41,11518900,26.41
2012-09-04,26.27,26.53,25.97,26.35,11292900,26.35
2012-08-31,26.47,26.58,26.04,26.29,14583900,26.29
2012-08-30,26.69,26.74,26.25,26.27,16484200,26.27
2012-08-29,26.54,26.96,26.35,26.89,16451500,26.89
2012-08-28,26.35,26.63,26.12,26.43,17793000,26.43
2012-08-27,26.69,26.77,26.30,26.41,15534800,26.41
2012-08-24,25.93,26.70,25.85,26.68,18075500,26.68
2012-08-23,26.22,26.31,25.92,25.98,9660400,25.98
2012-08-22,26.16,26.44,26.00,26.35,11349300,26.35
2012-08-21,26.65,26.80,26.05,26.14,13080300,26.14
2012-08-20,26.72,26.78,26.40,26.58,11512600,26.58
2012-08-17,26.66,26.91,26.60,26.85,19582100,26.85
2012-08-16,26.16,26.38,26.00,26.26,29098900,26.26
2012-08-15,25.79,25.92,25.44,25.44,20421800,25.44
2012-08-14,26.74,26.74,25.59,25.71,24127400,25.71
2012-08-13,26.85,26.87,26.44,26.74,7765600,26.74
2012-08-10,26.87,27.01,26.72,26.99,11498500,26.99
2012-08-09,26.86,27.08,26.80,27.01,11477700,27.01
2012-08-08,26.78,26.94,26.65,26.80,9754900,26.80
2012-08-07,26.65,27.09,26.62,26.93,13391500,26.93
2012-08-06,26.75,26.88,26.61,26.62,11826700,26.62
2012-08-03,26.64,26.92,26.46,26.80,15017800,26.80
2012-08-02,26.04,26.50,25.83,26.08,11862500,26.08
2012-08-01,26.46,26.54,25.90,26.14,14126700,26.14
2012-07-31,26.14,26.49,26.14,26.21,13955200,26.21
2012-07-30,26.30,26.60,25.96,26.31,15441000,26.31
2012-07-27,25.47,26.67,25.41,26.55,20591500,26.55
2012-07-26,25.60,26.14,25.37,25.76,16218800,25.76
2012-07-25,25.19,25.47,25.00,25.16,12615900,25.16
2012-07-24,24.61,25.60,24.48,25.34,29766200,25.34
2012-07-23,24.50,24.93,24.28,24.80,16445600,24.80
2012-07-20,25.23,25.43,25.02,25.05,12375800,25.05
2012-07-19,25.33,25.69,25.09,25.46,24188200,25.46
2012-07-18,24.56,25.40,24.51,25.08,35678000,25.08
2012-07-17,23.35,23.50,22.79,22.92,28683100,22.92
2012-07-16,23.67,23.74,23.22,23.29,15091700,23.29
2012-07-13,23.35,23.74,23.25,23.65,11190900,23.65
2012-07-12,23.38,23.49,22.85,23.32,18557100,23.32
2012-07-11,23.63,23.99,23.36,23.55,21024700,23.55
2012-07-10,23.80,24.24,23.40,23.56,16438600,23.56
2012-07-09,23.98,24.04,23.59,23.69,18520700,23.69
2012-07-06,24.36,24.60,23.63,24.07,25444000,24.07
2012-07-05,25.52,25.58,25.10,25.24,10870600,25.24
2012-07-03,25.31,25.65,25.19,25.63,8660700,25.63
2012-07-02,25.52,25.63,25.12,25.23,14765600,25.23
2012-06-29,24.43,25.65,24.41,25.63,29063100,25.63
2012-06-28,24.19,24.26,23.45,23.71,16683200,23.71
2012-06-27,23.85,24.30,23.75,24.20,11702500,24.20
2012-06-26,23.85,24.14,23.69,23.95,18805900,23.95
2012-06-25,24.43,24.45,23.62,23.81,17124900,23.81
2012-06-22,24.38,24.79,24.16,24.71,16635100,24.71
2012-06-21,25.36,25.43,24.09,24.18,25265900,24.18
2012-06-20,25.40,25.45,24.98,25.35,17907700,25.35
2012-06-19,24.96,25.55,24.86,25.46,23799300,25.46
2012-06-18,24.51,25.29,24.30,24.68,30865000,24.68
2012-06-15,24.15,25.00,24.07,24.70,31714500,24.70
2012-06-14,24.30,24.34,23.69,23.98,24937300,23.98
2012-06-13,24.51,24.54,24.15,24.30,15645900,24.30
2012-06-12,24.39,24.59,23.94,24.55,19968600,24.55
2012-06-11,25.00,25.00,24.31,24.34,15887600,24.34
2012-06-08,24.61,24.78,24.33,24.64,18360800,24.64
2012-06-07,24.68,24.79,24.34,24.58,24583500,24.58
2012-06-06,23.67,24.39,23.57,24.38,20600200,24.38
2012-06-05,22.82,23.47,22.80,23.38,20975300,23.38
2012-06-04,23.21,23.45,22.77,22.85,27796300,22.85
2012-06-01,23.35,23.46,23.12,23.18,20591500,23.18
2012-05-31,23.97,24.00,23.53,23.85,20743300,23.85
2012-05-30,24.02,24.15,23.87,24.03,20914700,24.03
2012-05-29,24.41,24.63,24.13,24.22,26956100,24.22
2012-05-25,24.21,24.64,24.19,24.24,28472200,24.24
2012-05-24,25.29,25.38,23.94,24.23,72930600,24.23
2012-05-23,25.19,25.54,24.79,25.46,27800000,25.46
2012-05-22,26.07,26.07,25.44,25.59,21044500,25.59
2012-05-21,25.12,25.79,24.89,25.75,16274300,25.75
2012-05-18,25.66,25.71,24.84,24.94,21070500,24.94
2012-05-17,25.59,25.78,25.43,25.48,15027600,25.48
2012-05-16,26.25,26.32,25.55,25.57,18204000,25.57
2012-05-15,26.18,26.45,26.01,26.11,13122900,26.11
2012-05-14,26.09,26.35,25.89,26.10,13561500,26.10
2012-05-11,26.10,26.49,25.88,26.36,24338000,26.36
2012-05-10,27.05,27.15,26.04,26.14,31473300,26.14
2012-05-09,27.03,27.61,26.83,27.47,13866200,27.47
2012-05-08,27.53,27.56,27.01,27.37,13563200,27.37
2012-05-07,27.63,27.88,27.49,27.71,8443700,27.71
2012-05-04,28.08,28.08,27.67,27.80,11630300,27.80
2012-05-03,28.56,28.64,28.14,28.22,10488400,28.22
2012-05-02,28.58,28.58,28.32,28.51,10399900,28.51
2012-05-01,28.16,28.75,28.11,28.67,14907100,28.67
2012-04-30,28.23,28.37,28.05,28.21,8657300,28.21
2012-04-27,28.66,28.66,28.31,28.32,11591300,28.32
2012-04-26,28.07,28.53,28.07,28.49,15226900,28.49
2012-04-25,27.83,28.23,27.76,28.17,17784100,28.17
2012-04-24,27.60,27.79,27.37,27.50,17034500,27.50
2012-04-23,27.70,27.73,27.34,27.66,16895500,27.66
2012-04-20,28.21,28.24,27.88,27.90,23258900,27.90
2012-04-19,28.29,28.63,27.46,28.10,51552000,28.10
2012-04-18,29.25,29.26,28.93,29.14,14266800,29.14
2012-04-17,29.04,29.40,28.97,29.33,12767000,29.33
2012-04-16,29.28,29.39,28.62,28.81,18006600,28.81
2012-04-13,29.20,29.38,28.83,28.87,14345300,28.87
2012-04-12,28.68,29.24,28.66,29.20,18340000,29.20
2012-04-11,28.03,28.64,27.93,28.60,22808300,28.60
2012-04-10,28.75,29.11,28.24,28.25,18687400,28.25
2012-04-09,28.43,28.87,28.35,28.64,22374700,28.64
2012-04-05,29.03,29.25,28.93,28.94,20108900,28.94
2012-04-04,29.66,29.69,29.03,29.18,17189500,29.18
2012-04-03,29.72,29.99,29.59,29.85,20613200,29.85
2012-04-02,29.83,29.93,29.64,29.71,15430500,29.71
2012-03-30,29.72,29.98,29.50,29.88,17536200,29.88
2012-03-29,29.32,29.60,29.03,29.58,15940700,29.58
2012-03-28,29.81,30.00,29.48,29.55,17299600,29.55
2012-03-27,29.65,29.79,29.52,29.55,13776300,29.55
2012-03-26,29.37,29.62,29.20,29.61,15067900,29.61
2012-03-23,29.11,29.20,28.89,29.15,10936600,29.15
2012-03-22,29.10,29.27,28.87,29.13,14119200,29.13
2012-03-21,28.96,29.36,28.88,29.19,15936600,29.19
2012-03-20,28.81,28.95,28.50,28.86,15533700,28.86
2012-03-19,28.91,29.09,28.75,29.00,15526400,29.00
2012-03-16,29.11,29.11,28.83,28.89,19891700,28.89
2012-03-15,29.04,29.13,28.85,29.01,20263800,29.01
2012-03-14,29.33,29.62,28.97,29.10,25455500,29.10
2012-03-13,29.14,29.68,29.10,29.62,23251600,29.62
2012-03-12,28.99,29.10,28.70,29.03,16371000,29.03
2012-03-09,28.58,29.07,28.50,29.01,23981900,29.01
2012-03-08,28.37,28.61,28.29,28.52,18767900,28.52
2012-03-07,27.64,28.12,27.59,28.03,20733400,28.03
2012-03-06,27.11,27.78,27.07,27.68,28957500,27.68
2012-03-05,28.30,28.45,27.90,28.12,20585900,28.12
2012-03-02,28.32,28.74,28.25,28.58,21784200,28.58
2012-03-01,27.72,28.35,27.72,28.28,23548200,28.28
2012-02-29,28.05,28.31,27.63,27.69,24956100,27.69
2012-02-28,27.82,28.13,27.72,27.98,21039100,27.98
2012-02-27,27.25,27.94,27.22,27.83,22459800,27.83
2012-02-24,27.46,27.79,27.40,27.52,16491700,27.52
2012-02-23,26.84,27.36,26.76,27.25,19627700,27.25
2012-02-22,27.14,27.54,27.04,27.07,16910900,27.07
2012-02-21,27.13,27.51,27.10,27.25,15991000,27.25
2012-02-17,27.70,27.70,27.03,27.10,20414300,27.10
2012-02-16,26.70,27.56,26.66,27.52,33504800,27.52
2012-02-15,26.39,27.14,26.34,26.66,27604500,26.66
2012-02-14,26.12,26.40,25.96,26.40,16034500,26.40
2012-02-13,26.34,26.45,26.19,26.45,13668200,26.45
2012-02-10,26.00,26.25,25.81,26.20,14989700,26.20
2012-02-09,26.28,26.43,26.08,26.38,12369900,26.38
2012-02-08,26.25,26.40,26.07,26.33,13210800,26.33
2012-02-07,26.21,26.25,25.89,26.15,17082800,26.15
2012-02-06,26.29,26.40,26.13,26.26,12594000,26.26
2012-02-03,26.14,26.49,26.09,26.39,15867800,26.39
2012-02-02,25.84,26.07,25.73,26.01,18756800,26.01
2012-02-01,25.90,26.09,25.59,25.72,23010700,25.72
2012-01-31,25.86,25.96,25.59,25.76,15837300,25.76
2012-01-30,25.50,25.83,25.38,25.75,16601800,25.75
2012-01-27,25.53,25.92,25.46,25.83,16566000,25.83
2012-01-26,25.77,25.87,25.41,25.64,25868500,25.64
2012-01-25,25.06,25.94,25.05,25.69,51020700,25.69
2012-01-24,24.31,25.17,24.24,25.14,57411600,25.14
2012-01-23,23.35,23.64,23.16,23.44,27455900,23.44
2012-01-20,23.30,23.32,23.03,23.25,26961100,23.25
2012-01-19,22.92,23.26,22.84,23.16,23251700,23.16
2012-01-18,22.27,22.77,22.22,22.70,25284100,22.70
2012-01-17,22.42,22.61,22.13,22.22,21102800,22.22
2012-01-13,22.35,22.39,22.06,22.25,15915700,22.25
2012-01-12,22.75,22.80,22.35,22.48,26361700,22.48
2012-01-11,21.85,22.18,21.77,22.09,19467600,22.09
2012-01-10,22.25,22.26,21.80,21.88,23499600,21.88
2012-01-09,22.00,22.10,21.84,21.99,11968000,21.99
2012-01-06,21.97,22.09,21.74,22.01,18984300,22.01
2012-01-05,21.67,22.06,21.65,21.90,21062200,21.90
2012-01-04,21.77,22.01,21.59,21.83,25538300,21.83
2012-01-03,21.92,22.00,21.65,21.72,27841500,21.72
2011-12-30,21.59,21.84,21.48,21.54,18361900,21.54
2011-12-29,21.49,21.61,21.43,21.59,19267200,21.59
2011-12-28,21.69,21.87,21.39,21.43,18669500,21.43
2011-12-27,21.74,21.88,21.61,21.64,17401600,21.64
2011-12-23,21.86,21.90,21.60,21.83,17084600,21.83
2011-12-22,21.69,22.06,21.62,21.70,32953200,21.70
2011-12-21,22.11,22.14,21.25,21.53,36153100,21.53
2011-12-20,22.26,22.57,22.25,22.44,21755400,22.44
2011-12-19,22.43,22.45,21.84,21.95,21678500,21.95
2011-12-16,22.53,22.64,22.25,22.30,25026000,22.30
2011-12-15,22.42,22.71,22.06,22.29,21629600,22.29
2011-12-14,22.55,22.73,22.10,22.18,27072400,22.18
2011-12-13,23.29,23.40,22.50,22.68,24278000,22.68
2011-12-12,23.36,23.36,22.90,23.10,18438000,23.10
2011-12-09,23.25,23.66,23.19,23.55,19283000,23.55
2011-12-08,23.49,23.51,23.11,23.24,24125200,23.24
2011-12-07,23.44,23.73,23.19,23.60,18936600,23.60
2011-12-06,23.57,23.99,23.56,23.58,23138000,23.58
2011-12-05,23.56,23.87,23.43,23.56,14433700,23.56
2011-12-02,23.46,23.64,23.25,23.26,13970600,23.26
2011-12-01,22.82,23.33,22.80,23.17,15643100,23.17
2011-11-30,23.03,23.31,22.91,23.01,25897600,23.01
2011-11-29,22.67,22.75,22.31,22.39,37377800,22.39
2011-11-28,22.43,22.74,22.31,22.54,19836900,22.54
2011-11-25,21.91,22.13,21.81,21.88,7967100,21.88
2011-11-23,22.21,22.35,21.97,22.06,17154300,22.06
2011-11-22,22.59,22.69,22.22,22.47,24891200,22.47
2011-11-21,22.72,22.86,22.48,22.74,16888800,22.74
2011-11-18,23.45,23.48,22.95,23.07,18166700,23.07
2011-11-17,23.92,23.98,22.88,23.37,34286200,23.37
2011-11-16,24.23,24.61,24.11,24.21,13608000,24.21
2011-11-15,24.27,24.73,24.25,24.55,8813300,24.55
2011-11-14,24.55,24.89,24.42,24.46,10296000,24.46
2011-11-11,24.42,24.89,24.31,24.64,15795500,24.64
2011-11-10,24.37,24.45,23.85,24.06,19410500,24.06
2011-11-09,24.46,24.50,23.94,24.08,18922500,24.08
2011-11-08,24.72,25.06,24.51,24.97,19659100,24.97
2011-11-07,24.59,24.66,24.24,24.60,12739900,24.60
2011-11-04,24.72,24.87,24.43,24.67,20561500,24.67
2011-11-03,24.56,25.09,24.26,25.00,19149000,25.00
2011-11-02,24.07,24.50,23.95,24.31,26155800,24.31
2011-11-01,23.83,24.13,23.58,23.78,27258500,23.78
2011-10-31,24.47,24.77,24.45,24.51,20586000,24.51
2011-10-28,24.73,25.07,24.71,25.03,17983100,25.03
2011-10-27,24.50,25.13,24.37,24.88,31220000,24.88
2011-10-26,24.10,24.15,23.46,23.79,22501900,23.79
2011-10-25,24.17,24.28,23.80,23.87,18758800,23.87
2011-10-24,24.01,24.47,23.88,24.32,17925300,24.32
2011-10-21,24.07,24.37,23.84,24.03,22975800,24.03
2011-10-20,23.63,23.94,23.37,23.81,20475000,23.81
2011-10-19,23.68,24.34,23.59,23.72,26797700,23.72
2011-10-18,23.61,24.26,23.22,23.99,52335200,23.99
2011-10-17,22.98,23.09,22.47,22.68,22145000,22.68
2011-10-14,23.11,23.44,23.00,23.09,24258800,23.09
2011-10-13,22.68,23.05,22.56,22.72,19577900,22.72
2011-10-12,23.28,23.35,22.85,22.85,21977500,22.85
2011-10-11,22.70,23.19,22.61,23.04,16608000,23.04
2011-10-10,22.70,23.04,22.60,22.90,16417200,22.90
2011-10-07,22.37,22.85,22.24,22.39,24104000,22.39
2011-10-06,21.63,22.44,21.61,22.32,23371900,22.32
2011-10-05,21.03,21.74,20.93,21.61,23014100,21.61
2011-10-04,20.05,21.00,19.99,20.94,32201900,20.94
2011-10-03,20.68,21.03,20.36,20.37,30283200,20.37
2011-09-30,21.06,21.62,20.87,20.99,19852600,20.99
2011-09-29,21.79,22.09,20.96,21.33,20701500,21.33
2011-09-28,21.67,21.92,21.28,21.33,19729300,21.33
2011-09-27,21.86,22.35,21.46,21.58,22357000,21.58
2011-09-26,20.79,21.34,20.71,21.30,23346800,21.30
2011-09-23,20.25,21.03,20.20,20.62,23985000,20.62
2011-09-22,20.06,20.64,20.06,20.51,37059900,20.51
2011-09-21,21.87,22.01,21.31,21.34,24595900,21.34
2011-09-20,22.55,22.62,21.80,21.81,25814500,21.81
2011-09-19,22.21,22.60,22.06,22.50,16386400,22.50
2011-09-16,22.97,22.99,22.47,22.76,18478300,22.76
2011-09-15,22.33,22.75,22.15,22.69,22751500,22.69
2011-09-14,22.11,22.41,21.71,22.03,25104900,22.03
2011-09-13,21.64,22.11,21.53,21.87,22247700,21.87
2011-09-12,20.99,21.66,20.94,21.63,16283100,21.63
2011-09-09,21.53,21.82,21.12,21.29,18525100,21.29
2011-09-08,22.03,22.31,21.56,21.76,23271600,21.76
2011-09-07,21.81,22.20,21.67,22.12,17893900,22.12
2011-09-06,20.68,21.48,20.59,21.41,20197100,21.41
2011-09-02,21.60,21.72,21.22,21.43,17100000,21.43
2011-09-01,22.56,22.99,22.05,22.11,20063300,22.11
2011-08-31,22.35,22.97,22.32,22.59,31162700,22.59
2011-08-30,22.13,22.27,21.70,21.99,26988300,21.99
2011-08-29,21.85,22.27,21.81,22.23,18047600,22.23
2011-08-26,20.85,21.69,20.62,21.61,20710800,21.61
2011-08-25,21.56,21.99,21.02,21.10,24322300,21.10
2011-08-24,21.20,21.43,20.93,21.43,19351800,21.43
2011-08-23,20.76,21.22,20.32,21.21,33625700,21.21
2011-08-22,20.86,20.95,20.49,20.63,27939100,20.63
2011-08-19,20.27,20.88,20.21,20.28,26374200,20.28
2011-08-18,20.74,20.97,19.84,20.59,76843400,20.59
2011-08-17,23.09,23.12,22.27,22.51,28478200,22.51
2011-08-16,23.14,23.27,22.65,23.00,17418900,23.00
2011-08-15,23.29,23.51,23.02,23.34,15358600,23.34
2011-08-12,22.81,23.55,22.69,23.14,29309700,23.14
2011-08-11,21.82,22.93,21.76,22.66,39298600,22.66
2011-08-10,22.13,22.25,21.50,21.59,46567000,21.59
2011-08-09,22.30,22.57,21.40,22.56,46499300,22.56
2011-08-08,22.20,22.81,21.79,22.00,51107300,22.00
2011-08-05,23.46,23.56,22.11,22.99,66306700,22.99
2011-08-04,24.71,24.77,23.44,23.54,46649900,23.54
2011-08-03,25.10,25.15,24.43,25.04,47335300,25.04
2011-08-02,25.89,25.91,25.06,25.08,26789400,25.08
2011-08-01,26.42,26.50,25.66,26.10,19710000,26.10
2011-07-29,26.20,26.44,25.87,26.08,22492000,26.08
2011-07-28,26.54,27.03,26.38,26.59,25741100,26.59
2011-07-27,27.24,27.25,26.51,26.60,16752000,26.60
2011-07-26,27.41,27.59,27.04,27.45,12628400,27.45
2011-07-25,27.44,27.75,27.31,27.45,10269500,27.45
2011-07-22,27.32,28.01,27.27,27.76,13851000,27.76
2011-07-21,27.36,27.69,27.13,27.34,18495900,27.34
2011-07-20,28.10,28.25,27.14,27.37,25516200,27.37
2011-07-19,26.97,27.49,26.95,27.38,17233200,27.38
2011-07-18,26.65,26.80,26.43,26.64,12683300,26.64
2011-07-15,26.94,27.05,26.55,26.81,19112600,26.81
2011-07-14,27.15,27.49,26.68,26.82,14634700,26.82
2011-07-13,27.09,27.40,26.96,27.00,14309400,27.00
2011-07-12,27.08,27.28,26.91,26.93,16941100,26.93
2011-07-11,27.54,27.72,27.07,27.21,13538800,27.21
2011-07-08,27.59,27.87,27.38,27.87,10112200,27.87
2011-07-07,28.03,28.24,27.85,27.89,13722200,27.89
2011-07-06,27.92,27.95,27.52,27.84,15717000,27.84
2011-07-05,27.72,27.94,27.56,27.88,11441800,27.88
2011-07-01,27.51,27.96,27.42,27.83,13369500,27.83
2011-06-30,27.22,27.74,27.14,27.55,21006600,27.55
2011-06-29,27.02,27.17,26.95,27.10,16352400,27.10
2011-06-28,26.56,27.17,26.49,26.87,20040200,26.87
2011-06-27,25.49,26.83,25.39,26.50,25236700,26.50
2011-06-24,26.44,26.53,25.56,25.64,22474300,25.64
2011-06-23,26.15,26.62,25.77,26.59,26012000,26.59
2011-06-22,26.51,26.74,26.44,26.44,12485000,26.44
2011-06-21,26.21,27.01,26.11,26.65,20699000,26.65
2011-06-20,25.72,26.18,25.58,26.03,13089700,26.03
2011-06-17,26.27,26.27,25.79,25.83,22009200,25.83
2011-06-16,26.45,26.71,25.92,26.05,28029100,26.05
2011-06-15,26.71,27.07,26.40,26.49,15809800,26.49
2011-06-14,26.60,27.33,26.52,27.09,17940400,27.09
2011-06-13,26.26,26.47,26.07,26.26,23456300,26.26
2011-06-10,26.84,26.90,26.26,26.32,16275700,26.32
2011-06-09,27.07,27.08,26.75,26.91,12652000,26.91
2011-06-08,26.85,27.06,26.55,26.99,17063500,26.99
2011-06-07,27.35,27.43,26.97,27.06,18463900,27.06
2011-06-06,27.79,27.88,27.22,27.32,15863700,27.32
2011-06-03,28.01,28.25,27.84,27.93,17235700,27.93
2011-06-02,28.10,28.40,27.98,28.36,15048800,28.36
2011-06-01,28.23,28.57,28.06,28.06,18551500,28.06
2011-05-31,28.54,28.60,28.10,28.47,14673400,28.47
2011-05-27,28.27,28.52,28.15,28.43,15591300,28.43
2011-05-26,27.56,28.31,27.49,28.21,24167500,28.21
2011-05-25,27.59,27.77,27.18,27.59,9846600,27.59
2011-05-24,27.48,27.58,27.25,27.32,14988900,27.32
2011-05-23,27.69,27.76,27.28,27.44,21123000,27.44
2011-05-20,27.87,28.15,27.87,28.06,14461100,28.06
2011-05-19,27.87,28.09,27.77,27.99,13735000,27.99
2011-05-18,27.42,27.92,27.37,27.76,10718600,27.76
2011-05-17,27.28,27.50,27.15,27.42,16283100,27.42
2011-05-16,27.41,27.62,27.30,27.42,17437500,27.42
2011-05-13,27.75,28.02,27.56,27.60,17937400,27.60
2011-05-12,27.25,27.81,27.13,27.73,13836200,27.73
2011-05-11,27.41,27.51,26.95,27.30,14186200,27.30
2011-05-10,27.40,27.56,27.19,27.44,21180800,27.44
2011-05-09,27.30,27.37,27.05,27.15,20561300,27.15
2011-05-06,27.25,27.63,27.10,27.12,15497200,27.12
2011-05-05,27.14,27.37,26.78,27.00,28860400,27.00
2011-05-04,27.93,27.99,27.20,27.37,21984400,27.37
2011-05-03,28.08,28.11,27.53,27.99,19668200,27.99
2011-05-02,28.64,28.70,28.08,28.11,25798700,28.11
2011-04-29,28.27,28.50,28.15,28.34,10445900,28.34
2011-04-28,27.98,28.36,27.95,28.32,10815200,28.32
2011-04-27,28.41,28.46,27.81,28.15,20699300,28.15
2011-04-26,28.38,28.46,28.07,28.32,13600000,28.32
2011-04-25,28.26,28.42,28.06,28.29,15110000,28.29
2011-04-21,28.09,28.73,28.02,28.45,29437200,28.45
2011-04-20,27.10,28.32,27.00,27.96,48940500,27.96
2011-04-19,26.57,26.81,26.31,26.72,18747700,26.72
2011-04-18,26.39,26.65,26.21,26.55,22314000,26.55
2011-04-15,26.73,27.02,26.63,26.91,24793900,26.91
2011-04-14,26.67,26.89,26.50,26.63,22825400,26.63
2011-04-13,26.04,26.80,25.92,26.69,25643500,26.69
2011-04-12,26.12,26.23,25.59,25.85,19218300,25.85
2011-04-11,26.04,26.39,26.00,26.38,15964100,26.38
2011-04-08,26.47,26.49,26.00,26.13,13170200,26.13
2011-04-07,26.19,26.33,25.94,26.23,21367500,26.23
2011-04-06,26.05,26.16,25.79,26.09,13276000,26.09
2011-04-05,26.07,26.21,25.82,25.93,14705800,25.93
2011-04-04,26.64,26.64,25.85,26.02,20302900,26.02
2011-04-01,26.94,26.94,26.36,26.55,17731500,26.55
2011-03-31,26.58,26.91,26.52,26.56,21433400,26.56
2011-03-30,27.53,27.53,26.73,26.93,27991800,26.93
2011-03-29,27.15,27.36,27.02,27.28,12793800,27.28
2011-03-28,27.43,27.59,27.19,27.20,17167800,27.20
2011-03-25,27.25,27.40,27.05,27.33,19286600,27.33
2011-03-24,26.81,27.11,26.65,27.05,17131000,27.05
2011-03-23,26.25,26.64,26.20,26.48,12644100,26.48
2011-03-22,26.58,26.70,26.31,26.36,17598200,26.36
2011-03-21,26.43,26.79,26.10,26.58,22044400,26.58
2011-03-18,25.91,26.04,25.51,25.63,22792700,25.63
2011-03-17,25.84,25.99,25.44,25.56,22565800,25.56
2011-03-16,25.79,26.02,25.23,25.31,32738100,25.31
2011-03-15,25.25,26.10,25.00,25.99,27706200,25.99
2011-03-14,26.31,26.53,25.92,26.21,18198300,26.21
2011-03-11,25.96,26.71,25.91,26.59,19008700,26.59
2011-03-10,26.34,26.47,25.95,26.17,20748700,26.17
2011-03-09,26.88,26.90,26.55,26.76,16896800,26.76
2011-03-08,26.75,26.98,26.50,26.87,20685300,26.87
2011-03-07,27.30,27.43,26.61,26.79,23104800,26.79
2011-03-04,27.38,27.47,27.08,27.32,21989300,27.32
2011-03-03,26.94,27.40,26.87,27.35,25411800,27.35
2011-03-02,26.49,27.16,26.39,26.69,29021800,26.69
2011-03-01,27.34,27.34,26.46,26.58,22343200,26.58
2011-02-28,26.91,27.31,26.90,27.21,22740100,27.21
2011-02-25,26.72,26.97,26.62,26.90,15111400,26.90
2011-02-24,26.17,26.66,26.00,26.55,20772600,26.55
2011-02-23,26.34,26.45,25.84,26.33,29927400,26.33
2011-02-22,26.74,26.86,26.35,26.58,23983600,26.58
2011-02-18,27.28,27.34,27.00,27.18,12714700,27.18
2011-02-17,26.91,27.28,26.80,27.22,16353700,27.22
2011-02-16,27.05,27.25,26.86,27.12,18302600,27.12
2011-02-15,27.22,27.38,26.77,26.91,22302400,26.91
2011-02-14,27.05,27.30,27.03,27.27,24657300,27.27
2011-02-11,27.07,27.23,26.82,27.04,16441600,27.04
2011-02-10,26.67,27.22,26.47,27.19,45822800,27.19
2011-02-09,26.08,27.10,26.08,27.08,47117100,27.08
2011-02-08,26.05,26.30,25.97,26.16,27195600,26.16
2011-02-07,25.93,26.09,25.78,26.00,33681300,26.00
2011-02-04,25.60,25.69,25.38,25.69,22246100,25.69
2011-02-03,25.16,25.57,25.16,25.49,21647100,25.49
2011-02-02,25.16,25.60,25.06,25.47,21880000,25.47
2011-02-01,24.98,25.43,24.98,25.24,23851700,25.24
2011-01-31,24.32,24.90,24.30,24.89,21025200,24.89
2011-01-28,24.94,25.05,24.42,24.48,23076600,24.48
2011-01-27,24.73,25.03,24.65,24.96,26226900,24.96
2011-01-26,24.41,24.86,24.32,24.73,35867000,24.73
2011-01-25,23.69,24.39,23.37,24.39,52258700,24.39
2011-01-24,23.90,23.97,23.46,23.83,31716600,23.83
2011-01-21,24.15,24.19,23.93,23.98,25178200,23.98
2011-01-20,23.88,23.89,23.47,23.84,31984900,23.84
2011-01-19,24.74,24.80,24.12,24.24,22799400,24.24
2011-01-18,24.68,24.95,24.48,24.71,26459300,24.71
2011-01-14,24.04,24.59,24.00,24.54,33318500,24.54
2011-01-13,23.67,24.17,23.57,23.98,37468500,23.98
2011-01-12,23.88,23.88,23.45,23.45,25770200,23.45
2011-01-11,23.82,23.84,23.57,23.74,12428400,23.74
2011-01-10,23.29,23.85,23.28,23.72,20974200,23.72
2011-01-07,23.61,23.69,23.20,23.47,21685300,23.47
2011-01-06,23.45,23.73,23.32,23.67,33899400,23.67
2011-01-05,23.00,23.62,22.93,23.43,18339500,23.43
2011-01-04,23.12,23.28,22.84,23.10,14136400,23.10
2011-01-03,22.90,23.43,22.90,23.11,18506500,23.11
2010-12-31,22.90,22.99,22.73,22.90,7104000,22.90
2010-12-30,22.90,23.05,22.85,22.90,9342700,22.90
2010-12-29,23.01,23.09,22.88,22.93,7684400,22.93
2010-12-28,23.12,23.19,22.95,23.00,6851700,23.00
2010-12-27,22.88,23.20,22.85,23.09,8232900,23.09
2010-12-23,22.85,23.03,22.80,23.02,9428700,23.02
2010-12-22,22.91,23.00,22.78,22.89,9923400,22.89
2010-12-21,22.94,23.00,22.80,22.93,10937200,22.93
2010-12-20,22.92,22.99,22.63,22.81,11828000,22.81
2010-12-17,22.73,23.11,22.62,22.96,29881300,22.96
2010-12-16,22.65,22.80,22.44,22.73,12151700,22.73
2010-12-15,22.67,22.80,22.50,22.54,16392400,22.54
2010-12-14,22.53,22.78,22.47,22.66,16936700,22.66
2010-12-13,22.53,22.89,22.42,22.49,29392200,22.49
2010-12-10,22.07,22.30,21.89,22.25,12939500,22.25
2010-12-09,22.14,22.19,21.93,22.11,12964700,22.11
2010-12-08,21.93,22.08,21.74,22.07,13129500,22.07
2010-12-07,22.19,22.22,21.84,21.89,13842900,21.89
2010-12-06,21.97,22.11,21.79,21.99,13938800,21.99
2010-12-03,21.78,22.20,21.77,22.13,11368200,22.13
2010-12-02,21.76,22.10,21.74,22.02,19926600,22.02
2010-12-01,21.73,22.07,21.73,21.90,18019000,21.90
2010-11-30,21.39,21.69,21.26,21.49,16373100,21.49
2010-11-29,21.65,21.75,21.34,21.66,14094000,21.66
2010-11-26,21.69,21.86,21.60,21.70,5200000,21.70
2010-11-24,21.55,21.87,21.50,21.86,13776700,21.86
2010-11-23,21.50,21.80,21.20,21.33,18468300,21.33
2010-11-22,21.68,21.85,21.51,21.68,17744200,21.68
2010-11-19,21.59,21.96,21.54,21.82,22283700,21.82
2010-11-18,21.25,21.69,21.20,21.51,26458500,21.51
2010-11-17,20.93,21.38,20.54,20.84,41888500,20.84
2010-11-16,21.26,21.41,20.71,21.03,23385900,21.03
2010-11-15,21.69,21.81,21.41,21.45,18643000,21.45
2010-11-12,21.81,22.10,21.52,21.72,22333800,21.72
2010-11-11,21.69,21.99,21.40,21.89,28655800,21.89
2010-11-10,21.98,22.26,21.75,22.14,21476700,22.14
2010-11-09,21.96,22.35,21.85,22.02,25957700,22.02
2010-11-08,21.45,21.99,21.39,21.88,21497400,21.88
2010-11-05,21.69,21.69,21.43,21.57,21311400,21.57
2010-11-04,21.62,21.82,21.50,21.66,24866800,21.66
2010-11-03,21.42,21.53,21.18,21.46,13360100,21.46
2010-11-02,21.49,21.62,21.35,21.35,12811200,21.35
2010-11-01,21.08,21.50,21.08,21.29,15192300,21.29
2010-10-29,20.90,21.19,20.86,21.02,14604500,21.02
2010-10-28,21.34,21.36,20.89,20.98,15125700,20.98
2010-10-27,21.04,21.34,20.95,21.15,18838300,21.15
2010-10-26,21.16,21.22,20.94,21.18,17895800,21.18
2010-10-25,21.25,21.53,21.21,21.28,16979200,21.28
2010-10-22,21.27,21.58,21.04,21.44,15651500,21.44
2010-10-21,21.33,21.62,21.21,21.36,23692400,21.36
2010-10-20,21.00,21.33,20.92,21.19,26585900,21.19
2010-10-19,20.65,21.18,20.49,20.83,54266100,20.83
2010-10-18,21.08,21.11,20.49,20.80,31933500,20.80
2010-10-15,21.35,21.38,20.86,21.09,33987400,21.09
2010-10-14,20.94,21.58,20.75,21.21,97424200,21.21
2010-10-13,20.32,20.54,20.30,20.30,27745200,20.30
2010-10-12,19.92,20.31,19.81,20.20,19043800,20.20
2010-10-11,20.01,20.38,19.99,20.06,23515200,20.06
2010-10-08,19.72,19.97,19.42,19.87,17960100,19.87
2010-10-07,19.84,19.86,19.39,19.61,30249800,19.61
2010-10-06,20.40,20.47,19.55,19.70,37999100,19.70
2010-10-05,20.16,20.46,20.15,20.41,23211400,20.41
2010-10-04,20.27,20.36,19.77,20.01,25838200,20.01
2010-10-01,20.48,20.48,20.13,20.34,29084300,20.34
2010-09-30,20.55,20.78,20.06,20.31,46418800,20.31
2010-09-29,20.79,20.90,20.61,20.67,47545500,20.67
2010-09-28,21.49,21.60,21.16,21.18,35935400,21.18
2010-09-27,21.71,21.77,21.46,21.50,27303100,21.50
2010-09-24,20.97,21.83,20.96,21.64,44108300,21.64
2010-09-23,20.57,20.98,20.49,20.80,30401800,20.80
2010-09-22,20.52,20.78,20.41,20.76,27295700,20.76
2010-09-21,20.85,20.85,20.51,20.71,17633400,20.71
2010-09-20,20.60,20.90,20.50,20.81,14360900,20.81
2010-09-17,20.71,20.75,20.41,20.57,20620100,20.57
2010-09-16,20.61,20.72,20.43,20.56,16903900,20.56
2010-09-15,20.48,20.76,20.42,20.67,23456700,20.67
2010-09-14,20.28,20.94,20.20,20.58,27163000,20.58
2010-09-13,20.12,20.46,20.12,20.40,21274900,20.40
2010-09-10,19.94,20.05,19.76,19.98,14026000,19.98
2010-09-09,20.25,20.34,19.90,19.92,19172000,19.92
2010-09-08,19.78,20.17,19.64,20.09,22865500,20.09
2010-09-07,19.82,19.94,19.65,19.73,12892000,19.73
2010-09-03,19.76,19.98,19.57,19.91,20353600,19.91
2010-09-02,19.14,19.62,19.14,19.57,23689200,19.57
2010-09-01,18.43,19.23,18.41,19.15,31432800,19.15
2010-08-31,18.30,18.46,18.06,18.24,26541000,18.24
2010-08-30,18.41,18.68,18.35,18.38,18972400,18.38
2010-08-27,18.12,18.47,17.99,18.37,18605600,18.37
2010-08-26,18.17,18.40,17.99,18.05,17438100,18.05
2010-08-25,18.01,18.22,17.90,18.12,21252400,18.12
2010-08-24,18.18,18.36,18.10,18.12,23209700,18.12
2010-08-23,18.80,18.96,18.52,18.53,19643400,18.53
2010-08-20,18.48,18.76,18.43,18.69,26550800,18.69
2010-08-19,18.67,18.87,18.40,18.55,33755700,18.55
2010-08-18,18.93,18.99,18.67,18.94,21294100,18.94
2010-08-17,18.96,19.08,18.69,18.92,28652300,18.92
2010-08-16,18.51,18.87,18.35,18.77,19729400,18.77
2010-08-13,18.72,18.95,18.64,18.76,25134100,18.76
2010-08-12,19.10,19.22,18.48,18.69,57102300,18.69
2010-08-11,19.82,19.84,19.50,19.66,25958200,19.66
2010-08-10,20.24,20.33,19.99,20.15,27705600,20.15
2010-08-09,20.33,20.51,20.19,20.47,18271800,20.47
2010-08-06,20.50,20.71,19.95,20.24,38088800,20.24
2010-08-05,20.65,20.81,20.51,20.70,14560300,20.70
2010-08-04,20.52,20.97,20.45,20.82,24350400,20.82
2010-08-03,20.37,20.56,20.31,20.47,19029500,20.47
2010-08-02,20.05,20.53,20.05,20.41,25342100,20.41
2010-07-30,19.72,20.01,19.67,19.79,20078700,19.79
2010-07-29,20.21,20.28,19.70,19.92,24410200,19.92
2010-07-28,20.20,20.35,19.95,20.09,14183700,20.09
2010-07-27,20.45,20.53,20.16,20.29,19430000,20.29
2010-07-26,20.17,20.39,20.09,20.35,18763300,20.35
2010-07-23,19.77,20.32,19.77,20.21,31065700,20.21
2010-07-22,19.67,19.99,19.46,19.87,34641500,19.87
2010-07-21,19.85,19.89,19.30,19.48,57461000,19.48
2010-07-20,20.01,20.26,19.61,20.24,50698200,20.24
2010-07-19,20.23,20.59,20.16,20.46,22784600,20.46
2010-07-16,20.48,20.49,20.05,20.15,35471400,20.15
2010-07-15,20.49,20.65,20.32,20.58,36835400,20.58
2010-07-14,19.98,20.65,19.95,20.51,41122600,20.51
2010-07-13,19.82,20.00,19.67,19.99,24906500,19.99
2010-07-12,19.42,19.75,19.36,19.66,20461600,19.66
2010-07-09,19.27,19.50,19.26,19.45,15809100,19.45
2010-07-08,19.27,19.39,19.08,19.37,22983700,19.37
2010-07-07,18.38,19.14,18.28,19.11,32792200,19.11
2010-07-06,18.27,18.48,17.98,18.16,20960800,18.16
2010-07-02,18.13,18.20,17.95,18.04,15765100,18.04
2010-07-01,18.27,18.35,17.87,18.18,34802600,18.18
2010-06-30,18.55,18.82,18.23,18.30,30297000,18.30
2010-06-29,18.75,18.85,18.45,18.59,33594400,18.59
2010-06-28,19.19,19.28,18.97,19.07,21615200,19.07
2010-06-25,18.83,19.34,18.65,19.24,54940600,19.24
2010-06-24,19.00,19.08,18.53,18.65,30250700,18.65
2010-06-23,19.08,19.28,18.99,19.10,20255600,19.10
2010-06-22,19.28,19.48,18.99,19.05,21698900,19.05
2010-06-21,19.53,19.65,19.12,19.24,17154500,19.24
2010-06-18,19.37,19.45,19.28,19.35,16374200,19.35
2010-06-17,19.36,19.40,19.12,19.35,20712400,19.35
2010-06-16,19.03,19.25,18.93,19.21,20740500,19.21
2010-06-15,18.78,19.16,18.74,19.14,22305300,19.14
2010-06-14,18.82,18.86,18.54,18.57,13912100,18.57
2010-06-11,18.32,18.68,18.27,18.67,12904600,18.67
2010-06-10,18.16,18.56,18.12,18.54,20521600,18.54
2010-06-09,18.04,18.30,17.79,17.88,18446900,17.88
2010-06-08,18.01,18.10,17.72,18.05,22003600,18.05
2010-06-07,18.44,18.58,17.99,18.03,22155400,18.03
2010-06-04,18.68,18.91,18.30,18.38,20461400,18.38
2010-06-03,18.75,19.12,18.61,19.06,23732300,19.06
2010-06-02,18.60,18.69,18.38,18.69,23764300,18.69
2010-06-01,18.46,18.84,18.35,18.49,26993300,18.49
2010-05-28,18.73,18.91,18.45,18.62,29896100,18.62
2010-05-27,18.32,18.78,18.24,18.78,32741800,18.78
2010-05-26,18.02,18.35,17.73,17.79,27605200,17.79
2010-05-25,17.31,17.88,17.26,17.85,39330100,17.85
2010-05-24,18.02,18.34,17.92,18.06,26306500,18.06
2010-05-21,17.12,17.99,17.11,17.96,37805700,17.96
2010-05-20,17.80,18.00,17.55,17.68,26415200,17.68
2010-05-19,18.22,18.43,17.96,18.20,24478200,18.20
2010-05-18,18.69,18.85,18.24,18.38,23900800,18.38
2010-05-17,18.57,18.85,18.36,18.67,21086200,18.67
2010-05-14,18.68,18.74,18.28,18.57,23411900,18.57
2010-05-13,19.04,19.22,18.79,18.84,21544800,18.84
2010-05-12,18.81,19.12,18.69,19.08,25061800,19.08
2010-05-11,18.56,19.09,18.48,18.75,22348500,18.75
2010-05-10,18.69,18.93,18.58,18.76,32968300,18.76
2010-05-07,18.46,18.62,17.66,18.08,39411300,18.08
2010-05-06,19.00,19.20,17.10,18.57,41426500,18.57
2010-05-05,18.76,19.13,18.69,19.07,28904100,19.07
2010-05-04,19.20,19.20,18.80,19.00,24275800,19.00
2010-05-03,19.08,19.57,19.05,19.44,24010800,19.44
2010-04-30,19.62,19.63,18.99,19.01,29625200,19.01
2010-04-29,19.65,19.74,19.47,19.63,20783000,19.63
2010-04-28,19.48,19.58,19.21,19.55,21754000,19.55
2010-04-27,19.90,19.95,19.31,19.35,27152400,19.35
2010-04-26,19.90,20.00,19.90,19.98,14683100,19.98
2010-04-23,19.80,19.98,19.63,19.98,19265000,19.98
2010-04-22,19.62,19.88,19.51,19.84,23098900,19.84
2010-04-21,19.85,19.95,19.53,19.85,37625800,19.85
2010-04-20,19.35,19.50,19.24,19.41,18795500,19.41
2010-04-19,19.27,19.31,18.91,19.25,21655000,19.25
2010-04-16,19.28,19.55,19.15,19.36,36999900,19.36
2010-04-15,19.29,19.40,19.20,19.35,18010500,19.35
2010-04-14,19.04,19.28,19.01,19.27,20674800,19.27
2010-04-13,19.11,19.17,18.92,19.02,23227900,19.02
2010-04-12,18.71,19.26,18.68,19.17,38653700,19.17
2010-04-09,18.47,18.56,18.38,18.54,12178600,18.54
2010-04-08,18.25,18.48,18.10,18.40,25825100,18.40
2010-04-07,18.80,18.85,18.50,18.53,21171200,18.53
2010-04-06,18.55,18.77,18.44,18.70,16208500,18.70
2010-04-05,18.31,18.71,18.27,18.62,20063700,18.62
2010-04-01,18.18,18.35,17.99,18.18,17024100,18.18
2010-03-31,18.00,18.18,17.97,18.04,16775600,18.04
2010-03-30,18.12,18.20,17.80,18.04,29224700,18.04
2010-03-29,18.60,18.69,17.87,18.06,44223700,18.06
2010-03-26,18.76,18.89,18.48,18.56,17411500,18.56
2010-03-25,18.97,19.04,18.72,18.73,18714100,18.73
2010-03-24,18.84,18.98,18.72,18.82,18004800,18.82
2010-03-23,18.74,18.98,18.54,18.94,28022900,18.94
2010-03-22,18.40,18.88,18.38,18.83,16531000,18.83
2010-03-19,18.71,18.83,18.50,18.61,20139200,18.61
2010-03-18,18.61,18.80,18.56,18.64,17702200,18.64
2010-03-17,18.73,18.82,18.62,18.70,20422200,18.70
2010-03-16,18.80,18.82,18.69,18.78,18249100,18.78
2010-03-15,18.76,18.86,18.65,18.82,18126600,18.82
2010-03-12,18.94,18.94,18.71,18.88,14558900,18.88
2010-03-11,18.59,18.81,18.54,18.80,16628500,18.80
2010-03-10,18.55,18.92,18.50,18.72,23982200,18.72
2010-03-09,18.36,18.73,18.28,18.54,30508400,18.54
2010-03-08,17.90,18.46,17.87,18.42,42152200,18.42
2010-03-05,17.58,17.95,17.48,17.87,19907000,17.87
2010-03-04,17.57,17.58,17.31,17.47,14865700,17.47
2010-03-03,17.70,17.83,17.47,17.55,15981900,17.55
2010-03-02,17.72,17.93,17.62,17.65,22095500,17.65
2010-03-01,17.48,17.75,17.48,17.75,16545000,17.75
2010-02-26,17.28,17.57,17.17,17.49,16948100,17.49
2010-02-25,17.06,17.34,16.92,17.32,21650400,17.32
2010-02-24,17.30,17.49,17.24,17.39,15902600,17.39
2010-02-23,17.64,17.68,17.12,17.25,20990400,17.25
2010-02-22,17.89,17.89,17.61,17.71,12624100,17.71
2010-02-19,17.60,17.91,17.60,17.81,13031500,17.81
2010-02-18,17.35,17.79,17.35,17.74,17924900,17.74
2010-02-17,17.46,17.49,17.32,17.40,12582000,17.40
2010-02-16,17.21,17.43,17.15,17.43,13432600,17.43
2010-02-12,16.96,17.18,16.84,17.12,20263600,17.12
2010-02-11,16.70,17.19,16.66,17.13,24280200,17.13
2010-02-10,16.95,16.95,16.63,16.76,17006400,16.76
2010-02-09,16.99,17.12,16.86,16.95,21683400,16.95
2010-02-08,16.79,17.06,16.68,16.84,24039900,16.84
2010-02-05,16.63,16.86,16.45,16.82,30926300,16.82
2010-02-04,16.92,16.97,16.60,16.63,26623800,16.63
2010-02-03,16.99,17.14,16.87,17.06,20312200,17.06
2010-02-02,17.04,17.17,16.80,17.09,23471800,17.09
2010-02-01,16.67,17.06,16.60,17.04,28384500,17.04
2010-01-29,17.21,17.23,16.56,16.67,33457600,16.67
2010-01-28,17.56,17.63,16.89,17.04,37794100,17.04
2010-01-27,17.55,17.67,17.27,17.58,37540400,17.58
2010-01-26,17.50,17.79,17.06,17.61,64874900,17.61
2010-01-25,17.01,17.07,16.78,16.94,29909200,16.94
2010-01-22,17.64,17.64,16.74,16.76,40468600,16.76
2010-01-21,17.95,18.00,17.37,17.53,41416500,17.53
2010-01-20,17.97,18.02,17.70,17.78,30113000,17.78
2010-01-19,17.92,18.24,17.86,18.09,29271900,18.09
2010-01-15,18.17,18.31,17.79,17.94,31195600,17.94
2010-01-14,17.62,18.21,17.61,18.17,43082100,18.17
2010-01-13,17.49,17.70,17.35,17.60,19502400,17.60
2010-01-12,17.51,17.73,17.31,17.47,23841600,17.47
2010-01-11,17.76,17.80,17.26,17.51,20379100,17.51
2010-01-08,17.63,17.71,17.48,17.66,22145700,17.66
2010-01-07,17.77,17.89,17.47,17.56,22985600,17.56
2010-01-06,18.07,18.15,17.64,17.86,25962100,17.86
2010-01-05,17.97,18.10,17.84,18.06,19429100,18.06
2010-01-04,17.72,17.98,17.64,17.90,28137900,17.90
2009-12-31,17.63,17.70,17.45,17.47,7631800,17.47
2009-12-30,17.46,17.70,17.40,17.67,8672500,17.67
2009-12-29,17.55,17.64,17.43,17.50,7686700,17.50
2009-12-28,17.82,17.85,17.52,17.60,13719000,17.60
2009-12-24,17.58,17.88,17.56,17.85,7688400,17.85
2009-12-23,17.52,17.66,17.43,17.58,9199100,17.58
2009-12-22,17.54,17.60,17.39,17.49,11906900,17.49
2009-12-21,17.37,17.70,17.36,17.47,28843000,17.47
2009-12-18,17.21,17.36,17.01,17.34,36073900,17.34
2009-12-17,16.80,16.96,16.68,16.87,17752000,16.87
2009-12-16,16.73,17.06,16.60,16.91,18818800,16.91
2009-12-15,16.56,16.78,16.44,16.67,14962700,16.67
2009-12-14,16.76,16.76,16.54,16.63,19061800,16.63
2009-12-11,16.63,16.75,16.55,16.65,17105400,16.65
2009-12-10,16.87,16.96,16.51,16.58,23330800,16.58
2009-12-09,16.71,16.91,16.55,16.89,17715300,16.89
2009-12-08,16.77,16.81,16.60,16.67,20186200,16.67
2009-12-07,17.04,17.13,16.86,16.90,20407600,16.90
2009-12-04,16.78,17.16,16.69,17.13,39440500,17.13
2009-12-03,16.84,17.06,16.62,16.64,28735100,16.64
2009-12-02,17.05,17.10,16.68,16.74,23304100,16.74
2009-12-01,16.88,17.22,16.88,16.98,22341000,16.98
2009-11-30,16.64,16.84,16.57,16.83,11414300,16.83
2009-11-27,16.40,16.82,16.31,16.75,6420000,16.75
2009-11-25,16.85,16.98,16.80,16.91,13181100,16.91
2009-11-24,17.11,17.14,16.89,16.94,11757800,16.94
2009-11-23,17.20,17.38,17.01,17.14,11764200,17.14
2009-11-20,17.08,17.15,16.79,17.04,16350400,17.04
2009-11-19,17.32,17.46,17.02,17.17,15390800,17.17
2009-11-18,17.14,17.50,17.06,17.38,22947400,17.38
2009-11-17,17.19,17.30,16.89,17.24,29508600,17.24
2009-11-16,16.95,17.25,16.95,17.24,18607200,17.24
2009-11-13,16.70,16.99,16.64,16.88,13024700,16.88
2009-11-12,16.93,17.05,16.67,16.75,24513000,16.75
2009-11-11,17.20,17.31,16.95,16.99,20006900,16.99
2009-11-10,17.11,17.24,16.97,17.05,22068400,17.05
2009-11-09,17.02,17.09,16.88,17.01,24131100,17.01
2009-11-06,16.70,16.84,16.52,16.73,17676600,16.73
2009-11-05,16.70,16.96,16.68,16.81,34148000,16.81
2009-11-04,16.63,16.76,16.32,16.52,17409900,16.52
2009-11-03,16.34,16.60,16.12,16.55,19445600,16.55
2009-11-02,16.49,16.72,16.22,16.43,24685500,16.43
2009-10-30,16.82,16.97,16.45,16.47,28446200,16.47
2009-10-29,16.61,16.92,16.45,16.92,23038700,16.92
2009-10-28,16.70,16.80,16.38,16.45,37288200,16.45
2009-10-27,17.30,17.39,16.79,16.81,23757600,16.81
2009-10-26,17.48,17.75,17.23,17.28,23270700,17.28
2009-10-23,17.24,17.54,17.15,17.49,26443600,17.49
2009-10-22,17.33,17.43,16.82,17.33,38962100,17.33
2009-10-21,17.69,17.91,17.48,17.51,29584800,17.51
2009-10-20,18.25,18.28,17.65,17.72,24709800,17.72
2009-10-19,18.05,18.23,18.01,18.20,13511700,18.20
2009-10-16,18.32,18.38,17.75,17.96,21369500,17.96
2009-10-15,18.16,18.44,18.11,18.44,16338200,18.44
2009-10-14,18.25,18.33,18.05,18.16,25789500,18.16
2009-10-13,17.97,18.04,17.73,17.92,20029100,17.92
2009-10-12,18.19,18.20,17.75,17.83,19106700,17.83
2009-10-09,17.54,18.22,17.54,18.15,24642200,18.15
2009-10-08,17.50,17.87,17.49,17.80,18307100,17.80
2009-10-07,17.40,17.53,17.32,17.47,19826000,17.47
2009-10-06,17.24,17.54,17.16,17.45,30947200,17.45
2009-10-05,16.81,17.07,16.68,17.00,17614700,17.00
2009-10-02,16.39,16.86,16.35,16.76,21127300,16.76
2009-10-01,16.95,16.95,16.49,16.51,16360300,16.51
2009-09-30,17.13,17.30,16.82,17.04,18711700,17.04
2009-09-29,17.09,17.34,16.97,17.02,17419600,17.02
2009-09-28,16.87,17.22,16.84,17.13,13506600,17.13
2009-09-25,17.04,17.13,16.64,16.80,21647600,16.80
2009-09-24,17.19,17.32,16.97,17.16,21206900,17.16
2009-09-23,17.19,17.48,17.04,17.10,17137300,17.10
2009-09-22,17.00,17.20,16.94,17.16,18908500,17.16
2009-09-21,16.74,16.88,16.62,16.85,19219600,16.85
2009-09-18,17.04,17.10,16.82,17.00,18523200,17.00
2009-09-17,16.97,17.06,16.83,16.98,20695400,16.98
2009-09-16,16.96,17.30,16.84,17.02,26372300,17.02
2009-09-15,16.92,17.00,16.72,16.90,14693000,16.90
2009-09-14,16.69,16.95,16.68,16.92,12482800,16.92
2009-09-11,16.89,17.07,16.57,16.90,30754800,16.90
2009-09-10,16.55,17.00,16.48,16.99,24677600,16.99
2009-09-09,16.25,16.67,16.20,16.60,18909800,16.60
2009-09-08,16.16,16.31,16.05,16.31,15731700,16.31
2009-09-04,15.79,16.09,15.68,16.07,15287300,16.07
2009-09-03,15.60,15.81,15.39,15.81,21481700,15.81
2009-09-02,15.44,15.74,15.42,15.54,20086600,15.54
2009-09-01,15.85,16.16,15.47,15.54,37718400,15.54
2009-08-31,15.83,15.97,15.70,15.90,14685300,15.90
2009-08-28,16.15,16.48,16.02,16.13,24244300,16.13
2009-08-27,15.73,16.11,15.47,16.04,34025500,16.04
2009-08-26,15.14,15.71,15.14,15.68,27212500,15.68
2009-08-25,15.11,15.26,15.09,15.19,15059500,15.19
2009-08-24,15.24,15.40,15.03,15.11,15786200,15.11
2009-08-21,15.24,15.32,15.06,15.29,21752400,15.29
2009-08-20,15.03,15.19,14.99,15.13,14566300,15.13
2009-08-19,14.75,15.18,14.72,15.08,17088200,15.08
2009-08-18,14.82,14.95,14.78,14.92,13988500,14.92
2009-08-17,14.90,15.00,14.75,14.78,13114500,14.78
2009-08-14,15.19,15.29,15.03,15.17,14349200,15.17
2009-08-13,15.17,15.38,15.08,15.23,18445800,15.23
2009-08-12,14.87,15.39,14.87,15.19,17975500,15.19
2009-08-11,14.93,15.11,14.87,14.91,18567200,14.91
2009-08-10,15.00,15.22,14.97,15.06,24043800,15.06
2009-08-07,15.33,15.40,15.10,15.24,21342900,15.24
2009-08-06,15.17,15.30,14.97,15.23,28336000,15.23
2009-08-05,15.21,15.40,15.04,15.16,15117800,15.16
2009-08-04,15.30,15.37,15.13,15.31,16911200,15.31
2009-08-03,15.36,15.42,15.13,15.31,17082800,15.31
2009-07-31,15.19,15.36,15.03,15.06,23852300,15.06
2009-07-30,15.39,15.72,15.32,15.34,29140800,15.34
2009-07-29,15.15,15.38,15.02,15.35,21347100,15.35
2009-07-28,15.05,15.39,14.96,15.30,24771600,15.30
2009-07-27,14.98,15.18,14.83,15.13,25147400,15.13
2009-07-24,14.83,15.18,14.83,14.95,38082000,14.95
2009-07-23,15.11,15.46,14.85,15.00,63920900,15.00
2009-07-22,14.45,14.60,14.16,14.41,36034100,14.41
2009-07-21,14.28,14.66,14.21,14.60,49600500,14.60
2009-07-20,13.98,14.18,13.73,14.16,27195600,14.16
2009-07-17,13.74,13.92,13.59,13.92,19345700,13.92
2009-07-16,13.40,13.81,13.31,13.74,21489400,13.74
2009-07-15,13.09,13.39,13.05,13.36,28358300,13.36
2009-07-14,13.01,13.09,12.80,12.88,17309500,12.88
2009-07-13,12.80,13.02,12.59,13.02,18818800,13.02
2009-07-10,12.65,12.98,12.65,12.80,14386900,12.80
2009-07-09,12.61,12.88,12.53,12.76,24007200,12.76
2009-07-08,12.53,12.65,12.31,12.52,21447200,12.52
2009-07-07,12.70,12.94,12.47,12.49,27697000,12.49
2009-07-06,12.71,12.98,12.70,12.89,22765000,12.89
2009-07-02,12.97,13.14,12.73,12.78,19447400,12.78
2009-07-01,12.96,13.43,12.90,13.14,19389400,13.14
2009-06-30,13.33,13.45,13.00,13.10,30560300,13.10
2009-06-29,13.52,13.71,13.30,13.44,23334900,13.44
2009-06-26,13.40,13.74,13.28,13.51,32601700,13.51
2009-06-25,13.10,13.50,12.89,13.49,24121900,13.49
2009-06-24,12.91,13.24,12.85,13.00,34334100,13.00
2009-06-23,12.67,12.69,12.43,12.58,21131700,12.58
2009-06-22,12.94,12.97,12.56,12.63,23138100,12.63
2009-06-19,12.93,13.24,12.89,13.10,24378300,13.10
2009-06-18,12.71,13.01,12.55,12.88,19649900,12.88
2009-06-17,12.72,12.80,12.45,12.68,15961600,12.68
2009-06-16,13.13,13.13,12.62,12.62,18554300,12.62
2009-06-15,13.09,13.27,12.86,12.98,19295200,12.98
2009-06-12,13.01,13.28,12.74,13.26,21410100,13.26
2009-06-11,12.83,13.23,12.80,13.08,20073300,13.08
2009-06-10,12.83,12.96,12.63,12.88,16629500,12.88
2009-06-09,12.80,13.10,12.77,12.86,19958800,12.86
2009-06-08,12.64,12.94,12.55,12.83,14530500,12.83
2009-06-05,12.94,12.99,12.60,12.88,21577200,12.88
2009-06-04,12.52,12.86,12.50,12.84,24137200,12.84
2009-06-03,12.51,12.86,12.29,12.48,23858500,12.48
2009-06-02,12.21,12.95,12.19,12.85,54292700,12.85
2009-06-01,11.82,12.46,11.82,12.42,37303200,12.42
2009-05-29,11.85,11.85,11.57,11.75,25087100,11.75
2009-05-28,12.16,12.24,11.61,11.76,38352200,11.76
2009-05-27,12.06,12.39,11.98,12.08,28600000,12.08
2009-05-26,11.51,12.08,11.51,12.02,25353200,12.02
2009-05-22,11.78,11.89,11.56,11.61,19517500,11.61
2009-05-21,11.73,11.81,11.52,11.78,25502600,11.78
2009-05-20,12.30,12.30,11.78,11.83,27745300,11.83
2009-05-19,11.97,12.39,11.92,12.19,25978500,12.19
2009-05-18,12.02,12.09,11.79,12.03,19811900,12.03
2009-05-15,11.93,12.10,11.85,11.94,18765000,11.94
2009-05-14,11.79,12.00,11.58,11.88,27338800,11.88
2009-05-13,12.05,12.05,11.65,11.77,22543900,11.77
2009-05-12,12.49,12.49,12.05,12.12,16656400,12.12
2009-05-11,12.47,12.73,12.31,12.34,20602800,12.34
2009-05-08,12.45,12.75,12.30,12.64,30782500,12.64
2009-05-07,12.90,12.90,12.17,12.33,34382900,12.33
2009-05-06,12.90,13.00,12.54,12.78,27054800,12.78
2009-05-05,12.77,12.92,12.63,12.80,18523700,12.80
2009-05-04,12.41,12.84,12.26,12.84,20926300,12.84
2009-05-01,12.54,12.60,12.15,12.45,18868000,12.45
2009-04-30,12.36,12.70,12.31,12.53,22781400,12.53
2009-04-29,12.11,12.50,11.75,12.28,28508600,12.28
2009-04-28,11.66,12.16,11.63,12.03,20136200,12.03
2009-04-27,11.65,12.23,11.55,11.80,32848800,11.80
2009-04-24,12.23,12.23,11.51,11.96,50125400,11.96
2009-04-23,12.24,12.59,11.93,12.17,47657700,12.17
2009-04-22,12.44,12.95,12.26,12.70,28792200,12.70
2009-04-21,12.14,12.50,12.07,12.47,26306700,12.47
2009-04-20,12.42,12.60,12.26,12.47,18847400,12.47
2009-04-17,12.87,12.93,12.70,12.81,24693600,12.81
2009-04-16,12.74,12.93,12.55,12.86,24282700,12.86
2009-04-15,12.65,12.84,12.25,12.50,23628600,12.50
2009-04-14,12.79,13.02,12.60,12.75,22406800,12.75
2009-04-13,12.90,13.10,12.70,12.71,36650700,12.71
2009-04-09,12.57,13.40,12.21,13.25,44989500,13.25
2009-04-08,12.43,12.91,12.30,12.61,37628300,12.61
2009-04-07,12.17,12.36,11.88,11.88,26603100,11.88
2009-04-06,12.37,12.40,12.01,12.37,23247900,12.37
2009-04-03,12.15,12.63,12.00,12.49,23468600,12.49
2009-04-02,11.98,12.43,11.91,12.12,32032800,12.12
2009-04-01,11.20,11.91,10.91,11.67,38014600,11.67
2009-03-31,11.36,11.72,11.26,11.40,25996500,11.40
2009-03-30,11.26,11.41,11.05,11.21,25160900,11.21
2009-03-27,11.86,11.93,11.57,11.57,20071100,11.57
2009-03-26,11.66,12.05,11.55,12.01,35320000,12.01
2009-03-25,11.93,12.06,11.32,11.54,36261000,11.54
2009-03-24,11.71,11.99,11.58,11.85,24567200,11.85
2009-03-23,11.52,11.87,11.36,11.87,33671400,11.87
2009-03-20,11.50,11.92,11.21,11.29,31285300,11.29
2009-03-19,11.46,11.66,11.18,11.48,36818900,11.48
2009-03-18,10.81,11.63,10.71,11.34,44368100,11.34
2009-03-17,10.70,10.98,10.50,10.98,21406900,10.98
2009-03-16,10.74,10.88,10.50,10.61,20321500,10.61
2009-03-13,10.70,10.88,10.60,10.68,32822500,10.68
2009-03-12,10.58,11.02,10.38,10.96,31110800,10.96
2009-03-11,10.72,10.76,10.31,10.63,33935500,10.63
2009-03-10,10.10,10.73,9.98,10.66,33522800,10.66
2009-03-09,9.61,10.00,9.61,9.85,25705600,9.85
2009-03-06,10.12,10.28,9.68,9.93,25280200,9.93
2009-03-05,10.32,10.60,10.00,10.05,28976800,10.05
2009-03-04,10.28,10.85,9.94,10.60,33585800,10.60
2009-03-03,10.10,10.44,10.05,10.15,26355300,10.15
2009-03-02,10.31,10.58,10.01,10.14,26876300,10.14
2009-02-27,10.59,10.79,10.50,10.50,23034900,10.50
2009-02-26,11.17,11.26,10.78,10.80,23862800,10.80
2009-02-25,10.74,11.31,10.63,11.07,29593400,11.07
2009-02-24,10.72,10.95,10.52,10.82,24078900,10.82
2009-02-23,11.15,11.19,10.60,10.65,27003800,10.65
2009-02-20,10.99,11.31,10.80,11.01,32417000,11.01
2009-02-19,11.94,12.00,11.15,11.19,38275900,11.19
2009-02-18,11.76,11.97,11.67,11.86,29720200,11.86
2009-02-17,11.80,11.95,11.66,11.71,27496800,11.71
2009-02-13,11.89,12.22,11.83,12.06,28288400,12.06
2009-02-12,11.89,12.00,11.50,11.95,50909300,11.95
2009-02-11,11.96,12.31,11.89,12.05,29267800,12.05
2009-02-10,12.36,12.52,11.80,11.92,28067300,11.92
2009-02-09,11.93,12.59,11.77,12.51,34338900,12.51
2009-02-06,11.64,12.10,11.64,11.95,26657100,11.95
2009-02-05,11.18,11.87,11.10,11.77,25753800,11.77
2009-02-04,10.63,11.70,10.63,11.32,21796800,11.32
2009-02-03,11.38,11.43,11.00,11.38,23301100,11.38
2009-02-02,10.94,11.42,10.91,11.26,23069800,11.26
2009-01-30,11.51,11.52,11.00,11.04,19817700,11.04
2009-01-29,11.44,11.50,11.19,11.43,19675700,11.43
2009-01-28,10.91,11.67,10.82,11.60,32690300,11.60
2009-01-27,10.65,11.13,10.56,10.69,46889900,10.69
2009-01-26,11.39,11.62,10.87,10.99,31311500,10.99
2009-01-23,10.66,11.31,10.56,11.16,23157800,11.16
2009-01-22,10.69,11.05,10.69,10.90,26518900,10.90
2009-01-21,10.68,10.98,10.48,10.96,20309400,10.96
2009-01-20,11.05,11.22,10.43,10.51,28825900,10.51
2009-01-16,11.50,11.60,10.92,11.27,28327000,11.27
2009-01-15,11.16,11.46,10.93,11.23,31182200,11.23
2009-01-14,11.00,11.49,10.96,11.21,26660000,11.21
2009-01-13,11.42,11.65,11.16,11.28,28428400,11.28
2009-01-12,11.73,11.73,11.41,11.57,18514400,11.57
2009-01-09,11.90,11.98,11.55,11.75,19055000,11.75
2009-01-08,11.74,12.05,11.45,11.89,46813800,11.89
2009-01-07,11.12,11.45,10.98,11.18,21739800,11.18
2009-01-06,10.82,11.54,10.72,11.33,31762500,11.33
2009-01-05,10.73,11.00,10.58,10.70,25037100,10.70
2009-01-02,10.34,10.90,10.20,10.86,14849200,10.86
2008-12-31,10.27,10.59,10.25,10.47,11073100,10.47
2008-12-30,10.22,10.46,10.22,10.40,12225600,10.40
2008-12-29,10.25,10.29,9.99,10.29,12998100,10.29
2008-12-26,10.17,10.43,10.16,10.31,7113600,10.31
2008-12-24,10.15,10.19,10.05,10.16,3281800,10.16
2008-12-23,10.54,10.54,10.08,10.15,13128900,10.15
2008-12-22,10.99,11.11,10.04,10.32,26300200,10.32
2008-12-19,10.90,11.09,10.73,10.94,24481400,10.94
2008-12-18,11.00,11.25,10.74,10.83,22949500,10.83
2008-12-17,11.00,11.29,10.70,10.99,22888700,10.99
2008-12-16,10.76,11.11,10.62,11.09,24850300,11.09
2008-12-15,10.78,10.94,10.60,10.79,22783900,10.79
2008-12-12,10.27,10.88,10.27,10.77,26801500,10.77
2008-12-11,10.34,10.84,10.31,10.52,26313200,10.52
2008-12-10,10.67,10.73,10.25,10.43,28886900,10.43
2008-12-09,10.83,11.43,10.56,10.61,25945100,10.61
2008-12-08,11.00,11.33,10.68,11.17,28815900,11.17
2008-12-05,10.20,10.90,10.02,10.81,32043700,10.81
2008-12-04,10.44,10.65,10.13,10.30,28401000,10.30
2008-12-03,10.16,10.75,10.06,10.65,28883900,10.65
2008-12-02,10.43,10.60,10.14,10.40,33002200,10.40
2008-12-01,10.34,10.43,10.03,10.13,26311600,10.13
2008-11-28,10.12,10.58,10.12,10.57,7985500,10.57
2008-11-26,9.67,10.55,9.51,10.50,23301900,10.50
2008-11-25,10.01,10.15,9.54,9.79,28957500,9.79
2008-11-24,9.45,10.28,9.20,10.13,32522300,10.13
2008-11-21,9.02,9.38,8.25,9.30,59032600,9.30
2008-11-20,9.68,10.12,8.75,8.85,50051400,8.85
2008-11-19,10.15,10.27,9.75,9.80,27413500,9.80
2008-11-18,9.97,10.24,9.77,10.20,31672600,10.20
2008-11-17,9.87,10.24,9.61,9.86,21176800,9.86
2008-11-14,10.12,10.46,9.93,9.98,24529600,9.98
2008-11-13,9.85,10.47,9.31,10.43,38085200,10.43
2008-11-12,10.05,10.20,9.74,9.86,24886800,9.86
2008-11-11,10.50,10.64,10.07,10.25,22412900,10.25
2008-11-10,11.15,11.15,10.54,10.69,25547000,10.69
2008-11-07,10.57,11.05,10.33,10.89,20514600,10.89
2008-11-06,10.65,11.00,10.32,10.47,27853500,10.47
2008-11-05,11.42,11.59,10.94,11.01,27834900,11.01
2008-11-04,11.80,11.80,11.42,11.74,26859500,11.74
2008-11-03,11.78,11.86,11.35,11.53,22034000,11.53
2008-10-31,11.44,12.06,11.04,11.78,42237000,11.78
2008-10-30,11.30,11.50,11.00,11.46,53832700,11.46
2008-10-29,11.07,11.11,10.50,10.51,34118200,10.51
2008-10-28,10.25,11.10,10.02,11.07,40959400,11.07
2008-10-27,9.62,10.58,9.61,10.01,31980400,10.01
2008-10-24,8.45,10.20,8.35,9.93,50355200,9.93
2008-10-23,10.08,10.15,9.00,9.41,46744100,9.41
2008-10-22,10.17,10.63,9.64,9.98,59110500,9.98
2008-10-21,9.99,10.19,9.64,9.69,24796400,9.69
2008-10-20,10.00,10.19,9.58,10.17,26997200,10.17
2008-10-17,9.78,10.28,9.49,9.69,36288000,9.69
2008-10-16,10.00,10.19,9.40,9.97,58317900,9.97
2008-10-15,10.45,10.56,9.68,9.77,35656500,9.77
2008-10-14,11.82,11.89,10.38,10.71,43031800,10.71
2008-10-13,10.70,11.60,10.65,11.31,38759300,11.31
2008-10-10,10.09,11.02,9.35,10.12,50858400,10.12
2008-10-09,10.68,11.00,10.35,10.44,43357400,10.44
2008-10-08,10.11,11.00,10.10,10.57,49919500,10.57
2008-10-07,10.50,10.88,10.12,10.72,49683300,10.72
2008-10-06,11.17,11.49,10.22,10.74,41495900,10.74
2008-10-03,11.83,12.25,11.50,11.58,31506900,11.58
2008-10-02,11.84,11.89,11.50,11.76,31728100,11.76
2008-10-01,12.00,12.25,11.67,11.97,33031500,11.97
2008-09-30,11.57,12.09,11.54,11.96,28619500,11.96
2008-09-29,12.42,12.50,11.22,11.47,45067800,11.47
2008-09-26,12.44,12.93,12.44,12.72,24755900,12.72
2008-09-25,12.28,13.09,12.10,13.04,48992300,13.04
2008-09-24,12.27,12.35,11.89,12.20,33454500,12.20
2008-09-23,12.25,12.48,11.65,12.18,62509200,12.18
2008-09-22,12.96,13.04,12.19,12.24,36300900,12.24
2008-09-19,13.30,13.64,12.42,13.04,48567000,13.04
2008-09-18,12.91,12.91,11.50,12.41,64252800,12.41
2008-09-17,13.11,13.19,12.55,12.84,44905600,12.84
2008-09-16,12.90,13.43,12.61,13.37,37976800,13.37
2008-09-15,13.84,13.86,13.13,13.28,36727200,13.28
2008-09-12,13.81,14.17,13.64,14.10,31553400,14.10
2008-09-11,13.68,14.00,13.44,13.96,33713100,13.96
2008-09-10,13.82,14.15,13.59,14.00,28663300,14.00
2008-09-09,14.18,14.44,13.60,13.67,30497500,13.67
2008-09-08,14.32,14.42,13.78,14.30,27289000,14.30
2008-09-05,13.85,14.14,13.72,14.04,23172600,14.04
2008-09-04,14.75,14.86,13.80,13.94,47489800,13.94
2008-09-03,14.68,15.02,14.67,14.87,24029500,14.87
2008-09-02,15.45,15.69,14.67,14.75,32036500,14.75
2008-08-29,15.62,15.62,15.26,15.28,16142200,15.28
2008-08-28,15.70,15.78,15.52,15.73,21364500,15.73
2008-08-27,15.29,15.69,15.01,15.60,24177000,15.60
2008-08-26,15.34,15.54,15.15,15.31,15785300,15.31
2008-08-25,15.61,15.75,15.31,15.32,16991000,15.32
2008-08-22,15.40,15.78,15.33,15.74,19796500,15.74
2008-08-21,14.98,15.43,14.91,15.29,22335200,15.29
2008-08-20,15.18,15.57,15.09,15.18,23197800,15.18
2008-08-19,14.99,15.31,14.98,15.18,30049800,15.18
2008-08-18,15.34,15.34,14.92,15.18,20226700,15.18
2008-08-15,15.20,15.42,14.90,15.32,23760300,15.32
2008-08-14,14.99,15.15,14.77,15.02,17013900,15.02
2008-08-13,15.14,15.22,14.75,14.99,21524500,14.99
2008-08-12,15.19,15.42,15.10,15.15,19271200,15.15
2008-08-11,15.05,15.53,14.85,15.26,28993400,15.26
2008-08-08,14.63,15.15,14.59,15.02,26529700,15.02
2008-08-07,14.46,14.80,14.27,14.36,24867300,14.36
2008-08-06,14.86,14.88,14.12,14.79,42207500,14.79
2008-08-05,15.02,15.09,14.65,14.94,21398600,14.94
2008-08-04,15.09,15.13,14.78,14.80,17211200,14.80
2008-08-01,15.20,15.20,14.60,15.04,20976900,15.04
2008-07-31,15.14,15.52,14.84,15.01,52106000,15.01
2008-07-30,14.13,15.14,13.98,15.04,61777500,15.04
2008-07-29,13.99,14.26,13.85,14.03,27286200,14.03
2008-07-28,13.97,14.07,13.65,13.91,25990200,13.91
2008-07-25,14.10,14.18,13.88,14.01,19027000,14.01
2008-07-24,14.36,14.45,13.91,14.09,55292100,14.09
2008-07-23,12.86,14.27,12.70,14.17,108684900,14.17
2008-07-22,12.19,12.61,12.06,12.46,44779100,12.46
2008-07-21,12.65,12.67,12.22,12.30,28851500,12.30
2008-07-18,12.69,12.79,12.44,12.57,30494200,12.57
2008-07-17,12.63,12.95,12.47,12.77,30461200,12.77
2008-07-16,12.58,12.77,12.36,12.57,29805600,12.57
2008-07-15,12.50,12.75,12.25,12.53,26665900,12.53
2008-07-14,12.94,12.95,12.60,12.65,22151200,12.65
2008-07-11,13.17,13.17,12.56,12.73,44880700,12.73
2008-07-10,13.13,13.41,12.96,13.38,47796500,13.38
2008-07-09,13.50,13.59,12.98,13.10,51296800,13.10
2008-07-08,13.73,14.18,13.18,13.39,143782500,13.39
2008-07-07,15.33,15.75,14.95,15.14,41344600,15.14
2008-07-03,14.96,15.15,14.75,15.05,14721000,15.05
2008-07-02,14.79,15.14,14.65,14.98,35618000,14.98
2008-07-01,14.56,14.69,14.33,14.65,34298600,14.65
2008-06-30,14.68,14.82,14.49,14.69,31515800,14.69
2008-06-27,15.30,15.40,14.65,14.77,49626800,14.77
2008-06-26,16.08,16.08,15.46,15.48,28596800,15.48
2008-06-25,15.93,16.48,15.90,16.32,25411200,16.32
2008-06-24,15.90,16.09,15.75,15.93,16809100,15.93
2008-06-23,16.14,16.21,15.86,16.01,15886500,16.01
2008-06-20,16.40,16.61,15.99,16.10,33933600,16.10
2008-06-19,16.40,16.65,16.25,16.58,19648600,16.58
2008-06-18,16.33,16.46,16.23,16.37,20199100,16.37
2008-06-17,16.64,16.67,16.43,16.48,22348400,16.48
2008-06-16,16.44,16.54,16.24,16.50,18891100,16.50
2008-06-13,16.33,16.50,16.16,16.49,18431200,16.49
2008-06-12,16.43,16.49,16.12,16.26,27631300,16.26
2008-06-11,16.52,16.68,16.26,16.29,24619500,16.29
2008-06-10,16.51,16.75,16.33,16.58,25753200,16.58
2008-06-09,17.16,17.16,16.44,16.79,32432800,16.79
2008-06-06,17.30,17.49,17.08,17.12,29118800,17.12
2008-06-05,17.51,17.58,17.40,17.44,32315400,17.44
2008-06-04,17.39,17.63,17.25,17.40,31349600,17.40
2008-06-03,17.33,17.78,17.30,17.47,28084900,17.47
2008-06-02,17.40,17.40,17.12,17.30,25419100,17.30
2008-05-30,17.64,17.64,17.40,17.44,21468500,17.44
2008-05-29,17.29,17.56,17.16,17.53,26756100,17.53
2008-05-28,17.41,17.58,17.09,17.25,17666400,17.25
2008-05-27,17.10,17.33,17.00,17.27,21070200,17.27
2008-05-23,17.21,17.24,16.96,17.06,24980200,17.06
2008-05-22,17.32,17.42,17.03,17.27,34765900,17.27
2008-05-21,17.19,17.63,17.16,17.29,41443600,17.29
2008-05-20,17.50,17.75,17.04,17.28,64026900,17.28
2008-05-19,17.80,18.50,17.66,17.97,50706300,17.97
2008-05-16,17.75,17.80,17.43,17.72,64490800,17.72
2008-05-15,16.76,17.85,16.70,17.80,83468600,17.80
2008-05-14,16.05,16.75,15.98,16.68,57021300,16.68
2008-05-13,16.12,16.15,15.94,15.98,24583300,15.98
2008-05-12,16.00,16.33,15.85,16.09,25232700,16.09
2008-05-09,15.88,16.07,15.78,15.96,13840200,15.96
2008-05-08,15.82,16.11,15.80,16.01,18015200,16.01
2008-05-07,16.00,16.12,15.73,15.82,22399400,15.82
2008-05-06,15.89,16.10,15.72,15.99,26125100,15.99
2008-05-05,16.10,16.10,15.83,15.91,18231200,15.91
2008-05-02,16.29,16.31,15.98,16.10,27566800,16.10
2008-05-01,15.40,16.14,15.40,16.09,37316800,16.09
2008-04-30,15.72,15.87,15.38,15.40,27186800,15.40
2008-04-29,15.74,15.79,15.55,15.72,20510700,15.72
2008-04-28,15.60,15.89,15.50,15.75,21039900,15.75
2008-04-25,15.59,15.64,15.28,15.54,23171600,15.54
2008-04-24,15.82,16.60,15.25,15.56,43636400,15.56
2008-04-23,16.34,16.36,15.82,15.89,57655600,15.89
2008-04-22,15.86,15.89,15.41,15.59,27714200,15.59
2008-04-21,15.79,16.05,15.62,15.89,35765000,15.89
2008-04-18,15.08,15.67,15.02,15.52,36545800,15.52
2008-04-17,14.62,14.92,14.55,14.82,33171400,14.82
2008-04-16,14.41,14.65,14.29,14.63,22629400,14.63
2008-04-15,14.39,14.54,14.05,14.17,40790700,14.17
2008-04-14,14.78,14.88,14.57,14.64,23035300,14.64
2008-04-11,15.00,15.35,14.87,14.88,26333900,14.88
2008-04-10,14.71,15.29,14.71,15.21,30590000,15.21
2008-04-09,14.90,14.96,14.67,14.72,23164200,14.72
2008-04-08,14.75,15.01,14.69,14.84,26881200,14.84
2008-04-07,15.06,15.13,14.81,14.90,17853000,14.90
2008-04-04,14.89,15.01,14.62,14.98,32120200,14.98
2008-04-03,14.74,15.08,14.62,14.90,23842900,14.90
2008-04-02,14.88,15.14,14.68,14.85,33168500,14.85
2008-04-01,14.55,14.88,14.51,14.84,38315300,14.84
2008-03-31,14.32,14.53,14.25,14.34,25706900,14.34
2008-03-28,14.40,14.46,14.25,14.30,20510300,14.30
2008-03-27,14.63,14.63,14.26,14.33,36260800,14.33
2008-03-26,14.85,14.89,14.50,14.57,36675200,14.57
2008-03-25,14.95,15.18,14.66,14.94,33287500,14.94
2008-03-24,14.70,15.10,14.56,14.91,26920300,14.91
2008-03-20,14.28,14.63,14.01,14.63,41357500,14.63
2008-03-19,14.98,15.00,14.21,14.24,38706800,14.24
2008-03-18,14.76,15.00,14.55,14.94,34594100,14.94
2008-03-17,14.39,14.65,14.11,14.47,43431900,14.47
2008-03-14,15.26,15.30,14.63,14.79,34630700,14.79
2008-03-13,14.78,15.30,14.70,15.16,37805200,15.16
2008-03-12,15.00,15.20,14.84,14.89,40374500,14.89
2008-03-11,15.00,15.10,14.73,15.03,33570100,15.03
2008-03-10,15.01,15.03,14.69,14.70,34188600,14.70
2008-03-07,15.01,15.22,14.85,15.03,38349300,15.03
2008-03-06,15.36,15.47,15.05,15.06,26619200,15.06
2008-03-05,15.46,15.60,15.30,15.44,35852300,15.44
2008-03-04,15.42,15.50,15.08,15.36,28958100,15.36
2008-03-03,15.54,15.62,15.30,15.53,27181800,15.53
2008-02-29,15.57,15.67,15.36,15.54,54662300,15.54
2008-02-28,15.95,15.98,15.62,15.73,23580400,15.73
2008-02-27,15.96,16.30,15.87,16.06,28921300,16.06
2008-02-26,15.77,16.21,15.70,16.03,37962500,16.03
2008-02-25,15.21,15.68,15.13,15.61,32933900,15.61
2008-02-22,15.33,15.43,14.87,15.28,40003400,15.28
2008-02-21,15.55,15.63,15.35,15.42,35608300,15.42
2008-02-20,15.21,15.49,15.03,15.43,33434400,15.43
2008-02-19,16.05,16.05,15.25,15.31,32314400,15.31
2008-02-15,15.99,16.08,15.76,15.90,24052900,15.90
2008-02-14,15.84,16.24,15.70,16.09,45468000,16.09
2008-02-13,15.87,15.94,15.53,15.81,49695900,15.81
2008-02-12,15.74,16.07,15.62,15.74,33645900,15.74
2008-02-11,15.61,15.74,15.42,15.65,30921400,15.65
2008-02-08,15.19,15.60,15.06,15.48,25286900,15.48
2008-02-07,15.25,15.47,14.94,15.24,53241100,15.24
2008-02-06,15.66,15.79,15.40,15.44,33154700,15.44
2008-02-05,15.81,16.00,15.49,15.52,38209800,15.52
2008-02-04,16.23,16.31,15.91,16.01,34832400,16.01
2008-02-01,16.00,16.25,15.88,16.13,43012200,16.13
2008-01-31,15.57,16.01,15.44,15.83,44346000,15.83
2008-01-30,15.95,16.39,15.58,15.81,79864100,15.81
2008-01-29,15.42,16.08,15.30,15.89,141852600,15.89
2008-01-28,16.65,16.95,16.46,16.91,62320200,16.91
2008-01-25,17.07,17.19,16.60,16.72,45412300,16.72
2008-01-24,16.16,16.79,15.80,16.55,48170800,16.55
2008-01-23,15.85,16.13,15.08,15.99,74128800,15.99
2008-01-22,15.80,16.56,15.50,16.30,68715200,16.30
2008-01-18,17.27,17.29,16.81,16.98,43002200,16.98
2008-01-17,16.94,17.24,16.82,16.89,61616200,16.89
2008-01-16,16.48,17.22,16.25,16.80,57256800,16.80
2008-01-15,16.95,17.33,16.57,16.68,63868100,16.68
2008-01-14,16.57,16.85,16.39,16.80,44727100,16.80
2008-01-11,16.43,16.43,15.93,16.00,44098600,16.00
2008-01-10,16.40,16.80,16.12,16.62,46848500,16.62
2008-01-09,16.10,16.58,16.01,16.55,50476400,16.55
2008-01-08,16.23,16.80,15.96,16.03,61521700,16.03
2008-01-07,17.14,17.14,15.76,16.04,69722300,16.04
2008-01-04,17.43,17.56,16.93,16.99,54093900,16.99
2008-01-03,18.10,18.10,17.57,17.83,38072900,17.83
2008-01-02,18.55,18.60,17.83,18.02,37710900,18.02
2007-12-31,18.36,18.65,18.27,18.53,16681700,18.53
2007-12-28,18.55,18.58,18.16,18.44,16081800,18.44
2007-12-27,18.81,18.90,18.41,18.50,18853800,18.50
2007-12-26,18.89,18.99,18.72,18.96,13637500,18.96
2007-12-24,19.10,19.22,18.90,19.06,6521400,19.06
2007-12-21,19.00,19.19,18.76,19.03,30245800,19.03
2007-12-20,19.15,19.27,18.53,18.83,39098500,18.83
2007-12-19,18.48,18.96,18.40,18.82,25837200,18.82
2007-12-18,18.83,18.83,17.88,18.44,30665400,18.44
2007-12-17,18.91,19.19,18.46,18.54,27976800,18.54
2007-12-14,18.87,19.37,18.71,18.98,34006200,18.98
2007-12-13,19.43,19.65,18.85,19.18,32532800,19.18
2007-12-12,19.88,20.19,19.41,19.68,44441100,19.68
2007-12-11,19.65,20.18,19.29,19.37,32660500,19.37
2007-12-10,19.57,19.70,19.37,19.52,21938200,19.52
2007-12-07,19.60,19.76,19.32,19.55,17355600,19.55
2007-12-06,19.49,19.77,19.26,19.52,41017700,19.52
2007-12-05,19.67,19.98,19.24,19.44,38812400,19.44
2007-12-04,18.82,19.58,18.76,19.19,34933700,19.19
2007-12-03,19.09,19.30,18.75,19.04,36153000,19.04
2007-11-30,19.99,20.00,18.94,19.27,37494200,19.27
2007-11-29,19.35,19.67,19.17,19.46,43040600,19.46
2007-11-28,18.59,19.41,18.52,19.11,58419100,19.11
2007-11-27,17.55,18.23,17.50,18.19,46003400,18.19
2007-11-26,18.45,18.45,17.36,17.37,59120600,17.37
2007-11-23,18.59,18.63,18.26,18.45,8547500,18.45
2007-11-21,18.44,18.64,18.13,18.25,38110200,18.25
2007-11-20,19.34,19.46,18.36,18.82,55500900,18.82
2007-11-19,19.49,19.69,19.02,19.16,37026800,19.16
2007-11-16,19.58,19.76,19.26,19.64,39545800,19.64
2007-11-15,19.75,19.79,19.11,19.32,60199900,19.32
2007-11-14,20.38,20.45,19.41,19.57,57829500,19.57
2007-11-13,19.20,20.01,19.01,19.72,76208200,19.72
2007-11-12,19.94,20.10,18.50,18.83,66847300,18.83
2007-11-09,20.00,20.25,19.38,19.91,93819000,19.91
2007-11-08,22.11,22.11,19.91,20.67,108121600,20.67
2007-11-07,22.78,23.04,22.23,22.24,67826600,22.24
2007-11-06,23.47,23.85,22.81,23.40,46001100,23.40
2007-11-05,23.99,24.12,22.59,23.49,56189400,23.49
2007-11-02,25.00,25.04,24.21,24.55,42007800,24.55
2007-11-01,25.09,25.20,24.68,24.79,48827300,24.79
2007-10-31,25.20,25.46,24.93,25.39,38024100,25.39
2007-10-30,25.14,25.16,24.65,25.12,44970000,25.12
2007-10-29,24.67,25.47,24.48,25.37,54634300,25.37
2007-10-26,24.58,24.85,24.24,24.53,52249400,24.53
2007-10-25,23.98,24.61,23.40,24.45,126050800,24.45
2007-10-24,23.21,23.30,22.29,22.53,59028900,22.53
2007-10-23,22.86,23.44,22.64,23.36,40955400,23.36
2007-10-22,22.08,22.75,21.69,22.59,32101600,22.59
2007-10-19,22.85,22.89,22.33,22.38,42179800,22.38
2007-10-18,22.58,22.90,22.50,22.88,29227200,22.88
2007-10-17,22.65,22.87,22.43,22.85,37910500,22.85
2007-10-16,22.43,22.45,22.06,22.27,36760500,22.27
2007-10-15,22.98,23.10,22.40,22.56,46265800,22.56
2007-10-12,22.96,23.19,22.20,22.81,50722900,22.81
2007-10-11,22.96,23.75,22.32,22.75,105454400,22.75
2007-10-10,21.98,22.70,21.76,22.57,76396600,22.57
2007-10-09,21.36,21.91,21.22,21.81,52133900,21.81
2007-10-08,20.78,21.20,20.76,21.17,27310200,21.17
2007-10-05,21.16,21.20,20.74,20.99,40767500,20.99
2007-10-04,21.09,21.15,20.83,21.05,27242400,21.05
2007-10-03,21.35,21.46,21.01,21.13,29107200,21.13
2007-10-02,20.81,21.41,20.80,21.37,46076400,21.37
2007-10-01,20.80,20.97,20.68,20.81,37378300,20.81
2007-09-28,20.43,20.87,20.39,20.80,31360100,20.80
2007-09-27,20.73,20.91,20.52,20.55,30358200,20.55
2007-09-26,21.08,21.10,20.51,20.66,47218900,20.66
2007-09-25,20.30,21.06,20.20,20.91,70194100,20.91
2007-09-24,19.81,20.55,19.60,20.51,84499800,20.51
2007-09-21,19.19,19.24,18.93,19.03,33957800,19.03
2007-09-20,19.07,19.23,18.87,19.03,29892200,19.03
2007-09-19,19.44,19.50,18.81,19.10,50535100,19.10
2007-09-18,18.83,19.32,18.70,19.23,34050400,19.23
2007-09-17,19.10,19.25,18.52,18.75,44873800,18.75
2007-09-14,19.10,19.41,19.00,19.28,17807800,19.28
2007-09-13,19.60,19.73,19.17,19.26,29654900,19.26
2007-09-12,19.61,19.91,19.34,19.42,34771200,19.42
2007-09-11,19.31,19.75,19.27,19.50,55004800,19.50
2007-09-10,19.17,19.29,18.52,19.14,38023000,19.14
2007-09-07,19.05,19.07,18.77,18.97,34517800,18.97
2007-09-06,19.44,19.64,19.26,19.39,20065400,19.39
2007-09-05,19.73,19.75,19.36,19.44,30751800,19.44
2007-09-04,19.67,19.98,19.62,19.85,26526000,19.85
2007-08-31,19.82,19.83,19.56,19.66,20835200,19.66
2007-08-30,19.40,19.75,19.40,19.58,21272000,19.58
2007-08-29,19.32,19.65,19.24,19.63,29692800,19.63
2007-08-28,19.49,19.54,19.05,19.09,41179000,19.09
2007-08-27,19.95,19.95,19.51,19.65,36777900,19.65
2007-08-24,19.52,20.00,19.40,19.98,38619800,19.98
2007-08-23,19.96,19.99,19.28,19.45,38220600,19.45
2007-08-22,19.68,20.00,19.41,19.84,64189100,19.84
2007-08-21,18.64,19.57,18.64,19.29,53939400,19.29
2007-08-20,18.55,18.80,18.41,18.65,31673900,18.65
2007-08-17,18.59,18.84,18.01,18.29,35548500,18.29
2007-08-16,18.40,18.45,17.39,18.19,71514000,18.19
2007-08-15,18.34,18.88,17.98,18.14,59980300,18.14
2007-08-14,19.56,19.89,18.27,18.34,126150300,18.34
2007-08-13,18.52,19.10,18.30,19.05,70040400,19.05
2007-08-10,17.50,18.02,16.89,17.72,63237500,17.72
2007-08-09,18.11,18.25,17.65,17.74,44952800,17.74
2007-08-08,18.45,18.75,18.10,18.40,40397700,18.40
2007-08-07,18.58,18.60,17.60,18.15,68369300,18.15
2007-08-06,18.77,18.87,18.19,18.49,46978400,18.49
2007-08-03,19.08,19.20,18.62,18.68,36172400,18.68
2007-08-02,19.19,19.24,18.87,19.15,37095300,19.15
2007-08-01,18.87,19.13,18.53,19.09,38626000,19.09
2007-07-31,19.12,19.18,18.42,18.51,37012700,18.51
2007-07-30,18.61,18.84,18.35,18.82,28508900,18.82
2007-07-27,18.39,18.69,18.20,18.35,57809500,18.35
2007-07-26,18.52,18.90,17.97,18.39,62405400,18.39
2007-07-25,19.25,19.45,18.81,18.91,47809400,18.91
2007-07-24,19.21,19.45,18.75,19.05,59772900,19.05
2007-07-23,19.46,19.66,19.40,19.51,33973400,19.51
2007-07-20,19.58,19.74,19.17,19.44,32916900,19.44
2007-07-19,19.49,19.84,19.42,19.72,47073600,19.72
2007-07-18,18.88,19.35,18.85,19.25,31434800,19.25
2007-07-17,19.20,19.23,18.94,19.02,30231900,19.02
2007-07-16,19.32,19.37,19.08,19.13,22677700,19.13
2007-07-13,19.25,19.34,18.97,19.19,41088200,19.19
2007-07-12,19.38,19.60,18.92,19.25,72670000,19.25
2007-07-11,18.81,18.97,18.72,18.92,30636500,18.92
2007-07-10,18.54,18.86,18.30,18.72,33156300,18.72
2007-07-09,18.75,18.88,18.56,18.59,36941600,18.59
2007-07-06,18.37,18.74,18.34,18.66,22228200,18.66
2007-07-05,18.40,18.52,18.24,18.40,30815300,18.40
2007-07-03,18.61,18.86,18.32,18.39,26598200,18.39
2007-07-02,18.15,18.55,18.02,18.55,29642100,18.55
2007-06-29,17.96,18.16,17.81,18.10,29939300,18.10
2007-06-28,17.96,18.10,17.76,17.83,24090900,17.83
2007-06-27,17.34,17.95,17.23,17.93,35818900,17.93
2007-06-26,17.79,17.84,17.39,17.52,26291800,17.52
2007-06-25,17.88,17.94,17.55,17.65,32514800,17.65
2007-06-22,17.90,18.03,17.85,17.95,35711300,17.95
2007-06-21,17.64,18.11,17.57,17.99,31518800,17.99
2007-06-20,18.00,18.05,17.51,17.58,34442500,17.58
2007-06-19,17.75,18.15,17.72,17.99,32799500,17.99
2007-06-18,17.46,17.80,17.46,17.79,29061900,17.79
2007-06-15,17.19,17.47,17.16,17.35,31741200,17.35
2007-06-14,16.50,17.11,16.49,17.01,34774800,17.01
2007-06-13,16.45,16.63,16.33,16.59,33144400,16.59
2007-06-12,16.59,16.59,16.27,16.30,24964900,16.30
2007-06-11,16.65,16.75,16.50,16.63,17976900,16.63
2007-06-08,16.44,16.70,16.26,16.70,24552900,16.70
2007-06-07,16.87,16.89,16.42,16.43,36142200,16.43
2007-06-06,16.92,17.09,16.85,16.93,31429600,16.93
2007-06-05,17.00,17.10,16.95,17.00,30274700,17.00
2007-06-04,16.88,17.24,16.71,17.05,31782100,17.05
2007-06-01,16.93,17.08,16.57,16.83,29380700,16.83
2007-05-31,16.90,17.15,16.89,16.89,41794900,16.89
2007-05-30,16.37,17.00,16.30,17.00,51794100,17.00
2007-05-29,16.48,16.66,16.21,16.48,29115800,16.48
2007-05-25,16.35,16.60,16.31,16.46,33277400,16.46
2007-05-24,16.13,16.85,16.05,16.30,83194100,16.30
2007-05-23,15.91,16.05,15.78,16.05,31078000,16.05
2007-05-22,15.88,15.94,15.74,15.82,25488000,15.82
2007-05-21,15.52,15.89,15.52,15.83,27393900,15.83
2007-05-18,15.68,15.74,15.56,15.69,18599100,15.69
2007-05-17,15.69,15.80,15.54,15.65,19623500,15.65
2007-05-16,15.49,15.78,15.49,15.77,34836000,15.77
2007-05-15,15.47,15.61,15.40,15.43,32872300,15.43
2007-05-14,15.33,15.68,15.33,15.44,30339200,15.44
2007-05-11,15.22,15.46,15.19,15.33,19634500,15.33
2007-05-10,15.57,15.60,15.12,15.21,33272300,15.21
2007-05-09,15.68,15.68,15.51,15.63,18927100,15.63
2007-05-08,15.54,15.83,15.32,15.68,31450700,15.68
2007-05-07,15.34,15.62,15.34,15.61,24393700,15.61
2007-05-04,15.38,15.45,15.23,15.32,10940800,15.32
2007-05-03,15.26,15.49,15.20,15.35,24817700,15.35
2007-05-02,15.09,15.30,15.05,15.19,28283200,15.19
2007-05-01,15.25,15.29,14.92,15.06,37232600,15.06
2007-04-30,15.64,15.70,15.14,15.18,38152100,15.18
2007-04-27,15.50,15.69,15.44,15.64,25358300,15.64
2007-04-26,15.97,16.00,15.43,15.57,41207100,15.57
2007-04-25,15.60,15.85,15.54,15.74,27356300,15.74
2007-04-24,15.52,15.62,15.37,15.50,21624800,15.50
2007-04-23,15.35,15.65,15.24,15.51,29731200,15.51
2007-04-20,15.48,15.54,15.32,15.37,31909100,15.37
2007-04-19,15.25,15.49,15.15,15.40,24984200,15.40
2007-04-18,15.12,15.37,15.04,15.35,28372100,15.35
2007-04-17,15.30,15.38,15.05,15.22,74087000,15.22
2007-04-16,14.59,14.78,14.55,14.76,33892000,14.76
2007-04-13,14.24,14.65,14.17,14.60,28116300,14.60
2007-04-12,14.05,14.22,13.96,14.21,16305000,14.21
2007-04-11,14.17,14.20,14.03,14.09,26342600,14.09
2007-04-10,14.35,14.43,14.13,14.19,25107400,14.19
2007-04-09,14.46,14.50,14.31,14.38,14400700,14.38
2007-04-05,14.35,14.44,14.22,14.44,13899600,14.44
2007-04-04,14.27,14.40,14.18,14.35,22602900,14.35
2007-04-03,14.13,14.39,14.12,14.29,30916500,14.29
2007-04-02,13.90,14.11,13.85,14.09,31322800,14.09
2007-03-30,13.73,13.93,13.67,13.85,28018800,13.85
2007-03-29,13.56,13.76,13.50,13.66,22910200,13.66
2007-03-28,13.50,13.60,13.42,13.49,22480100,13.49
2007-03-27,13.57,13.69,13.48,13.61,19672000,13.61
2007-03-26,13.72,13.90,13.49,13.66,20665300,13.66
2007-03-23,13.70,13.90,13.61,13.70,27990600,13.70
2007-03-22,13.42,13.56,13.29,13.53,26244400,13.53
2007-03-21,13.02,13.36,12.95,13.26,29419100,13.26
2007-03-20,13.02,13.23,12.96,13.02,21223800,13.02
2007-03-19,13.08,13.13,12.99,13.05,14001600,13.05
2007-03-16,12.94,13.11,12.88,12.99,36817400,12.99
2007-03-15,13.01,13.09,12.91,12.93,17569400,12.93
2007-03-14,13.00,13.02,12.74,13.00,30760400,13.00
2007-03-13,13.01,13.20,12.87,12.99,29820200,12.99
2007-03-12,13.05,13.18,12.97,13.09,16940500,13.09
2007-03-09,13.08,13.26,12.93,13.05,36643500,13.05
2007-03-08,13.20,13.29,13.08,13.12,27173400,13.12
2007-03-07,13.25,13.37,13.01,13.05,44174900,13.05
2007-03-06,13.55,13.60,13.28,13.40,37476200,13.40
2007-03-05,13.45,13.70,13.35,13.39,26376000,13.39
2007-03-02,13.73,13.83,13.40,13.56,28326000,13.56
2007-03-01,13.70,14.10,13.61,13.84,37074100,13.84
2007-02-28,13.91,14.08,13.74,13.96,31735300,13.96
2007-02-27,14.30,14.30,13.72,13.75,34881500,13.75
2007-02-26,14.59,14.59,14.21,14.30,19393400,14.30
2007-02-23,14.61,14.68,14.34,14.49,18686300,14.49
2007-02-22,14.79,14.88,14.52,14.64,20007100,14.64
2007-02-21,14.52,14.89,14.51,14.79,32583100,14.79
2007-02-20,14.52,14.64,14.49,14.60,12443600,14.60
2007-02-16,14.69,14.69,14.46,14.60,27947300,14.60
2007-02-15,14.67,14.79,14.62,14.70,14270200,14.70
2007-02-14,14.56,14.77,14.40,14.70,23269900,14.70
2007-02-13,14.67,14.72,14.42,14.49,19955400,14.49
2007-02-12,14.55,14.65,14.45,14.62,24457100,14.62
2007-02-09,14.50,14.68,14.38,14.56,36057300,14.56
2007-02-08,14.66,14.79,14.38,14.50,97091100,14.50
2007-02-07,13.64,13.69,13.47,13.60,24136800,13.60
2007-02-06,13.73,13.75,13.54,13.62,17886200,13.62
2007-02-05,13.80,13.80,13.58,13.69,23059000,13.69
2007-02-02,13.83,13.92,13.68,13.74,20287800,13.74
2007-02-01,13.95,14.00,13.49,13.76,35970600,13.76
2007-01-31,13.86,14.03,13.76,13.99,17417500,13.99
2007-01-30,13.96,14.03,13.86,13.96,17071700,13.96
2007-01-29,13.67,14.08,13.67,13.96,26180200,13.96
2007-01-26,13.96,14.00,13.73,13.74,26129600,13.74
2007-01-25,13.96,14.15,13.87,13.97,26257600,13.97
2007-01-24,13.66,14.06,13.65,13.96,41102800,13.96
2007-01-23,13.66,13.69,13.18,13.55,49029200,13.55
2007-01-22,13.59,13.65,13.40,13.47,27803100,13.47
2007-01-19,13.54,13.77,13.50,13.59,26767700,13.59
2007-01-18,13.87,13.97,13.56,13.75,28301100,13.75
2007-01-17,14.20,14.24,14.00,14.04,22033100,14.04
2007-01-16,14.11,14.23,14.04,14.17,28252800,14.17
2007-01-12,14.28,14.31,14.12,14.26,16803700,14.26
2007-01-11,14.39,14.48,14.21,14.31,23846200,14.31
2007-01-10,14.16,14.54,14.10,14.36,51479500,14.36
2007-01-09,14.14,14.23,13.96,14.16,41436800,14.16
2007-01-08,13.78,14.23,13.75,14.08,74174700,14.08
2007-01-05,13.75,13.75,13.42,13.61,24501300,13.61
2007-01-04,13.14,13.62,13.13,13.53,30725100,13.53
2007-01-03,13.20,13.39,13.07,13.20,42856600,13.20
2006-12-29,13.40,13.40,13.20,13.20,25060500,13.20
2006-12-28,13.40,13.48,13.36,13.37,22358500,13.37
2006-12-27,13.49,13.55,13.39,13.47,22461900,13.47
2006-12-26,13.38,13.49,13.37,13.44,13461900,13.44
2006-12-22,13.50,13.60,13.42,13.42,16462000,13.42
2006-12-21,13.58,13.79,13.53,13.56,26884300,13.56
2006-12-20,13.42,13.61,13.39,13.58,31976300,13.58
2006-12-19,13.23,13.47,13.22,13.42,29655600,13.42
2006-12-18,13.39,13.52,13.36,13.40,27507500,13.40
2006-12-15,13.45,13.52,13.30,13.46,43578200,13.46
2006-12-14,13.10,13.49,13.08,13.36,40952200,13.36
2006-12-13,13.08,13.18,13.03,13.15,19422100,13.15
2006-12-12,13.17,13.22,12.86,13.03,27496100,13.03
2006-12-11,13.13,13.32,13.02,13.22,23080800,13.22
2006-12-08,13.21,13.27,13.10,13.18,16431700,13.18
2006-12-07,13.37,13.54,13.15,13.21,27550600,13.21
2006-12-06,13.50,13.72,13.36,13.41,32164400,13.41
2006-12-05,13.36,13.55,13.32,13.54,28842300,13.54
2006-12-04,13.20,13.38,13.15,13.36,18160500,13.36
2006-12-01,13.22,13.33,13.03,13.18,32063400,13.18
2006-11-30,12.95,13.22,12.85,13.11,37326400,13.11
2006-11-29,12.83,13.03,12.81,12.88,18266200,12.88
2006-11-28,12.84,12.96,12.67,12.89,25386800,12.89
2006-11-27,13.01,13.09,12.75,12.84,24451000,12.84
2006-11-24,13.03,13.20,12.99,13.08,4424500,13.08
2006-11-22,12.90,13.32,12.90,13.20,43025900,13.20
2006-11-21,12.62,12.97,12.58,12.84,33634000,12.84
2006-11-20,12.63,12.73,12.57,12.68,21355100,12.68
2006-11-17,12.75,12.84,12.59,12.72,21275700,12.72
2006-11-16,12.75,12.91,12.62,12.84,26316800,12.84
2006-11-15,12.64,12.79,12.60,12.70,29211700,12.70
2006-11-14,12.61,12.77,12.52,12.69,176595000,12.69
2006-11-13,12.69,12.90,12.60,12.61,21248100,12.61
2006-11-10,12.51,12.75,12.43,12.70,15784800,12.70
2006-11-09,12.20,12.66,12.18,12.43,28967400,12.43
2006-11-08,12.05,12.19,12.01,12.09,10767200,12.09
2006-11-07,12.16,12.31,12.06,12.12,17449600,12.12
2006-11-06,12.14,12.29,12.09,12.16,16029800,12.16
2006-11-03,12.17,12.25,12.04,12.12,9623800,12.12
2006-11-02,12.14,12.27,12.01,12.16,10560400,12.16
2006-11-01,12.34,12.38,12.16,12.21,10856600,12.21
2006-10-31,12.28,12.38,12.14,12.25,17411900,12.25
2006-10-30,12.34,12.46,12.25,12.27,18064200,12.27
2006-10-27,12.50,12.60,12.35,12.42,13901400,12.42
2006-10-26,12.56,12.79,12.54,12.60,18247200,12.60
2006-10-25,12.30,12.71,12.23,12.62,20148300,12.62
2006-10-24,12.22,12.32,12.15,12.27,15976200,12.27
2006-10-23,12.29,12.37,12.23,12.32,17261900,12.32
2006-10-20,12.37,12.46,12.10,12.39,17997500,12.39
2006-10-19,12.50,12.50,12.09,12.35,17069500,12.35
2006-10-18,12.50,12.52,12.08,12.18,29607300,12.18
2006-10-17,12.46,12.82,11.93,12.70,50908500,12.70
2006-10-16,12.64,12.96,12.58,12.83,26642100,12.83
2006-10-13,12.50,12.81,12.49,12.69,13823100,12.69
2006-10-12,12.45,12.71,12.44,12.65,14736300,12.65
2006-10-11,12.41,12.59,12.33,12.44,14299400,12.44
2006-10-10,12.51,12.63,12.47,12.52,7900200,12.52
2006-10-09,12.49,12.66,12.41,12.55,9708900,12.55
2006-10-06,12.20,12.60,12.15,12.55,22433200,12.55
2006-10-05,12.24,12.39,12.12,12.25,14088400,12.25
2006-10-04,11.89,12.31,11.86,12.22,20244100,12.22
2006-10-03,11.75,12.02,11.69,11.89,15614300,11.89
2006-10-02,11.91,12.04,11.82,11.86,13567300,11.86
2006-09-29,11.82,12.09,11.80,11.98,14563800,11.98
2006-09-28,11.90,11.90,11.72,11.87,12175500,11.87
2006-09-27,11.64,11.91,11.61,11.84,25301300,11.84
2006-09-26,11.45,11.79,11.40,11.75,22570700,11.75
2006-09-25,11.30,11.53,11.25,11.46,14055900,11.46
2006-09-22,11.45,11.46,11.13,11.20,16808900,11.20
2006-09-21,11.49,11.63,11.39,11.47,17147900,11.47
2006-09-20,11.20,11.56,11.20,11.49,17457200,11.49
2006-09-19,11.13,11.20,10.98,11.13,13460300,11.13
2006-09-18,11.24,11.32,11.07,11.13,22713700,11.13
2006-09-15,11.43,11.48,11.15,11.25,21057000,11.25
2006-09-14,11.42,11.49,11.36,11.37,18125400,11.37
2006-09-13,11.77,11.82,11.46,11.51,21161700,11.51
2006-09-12,11.70,11.85,11.56,11.77,16166900,11.77
2006-09-11,11.25,11.71,11.23,11.70,17778500,11.70
2006-09-08,11.46,11.50,11.22,11.42,12472200,11.42
2006-09-07,11.32,11.59,11.19,11.34,15441400,11.34
2006-09-06,11.58,11.69,11.36,11.38,17007900,11.38
2006-09-05,11.80,11.86,11.64,11.72,19327400,11.72
2006-09-01,11.68,11.90,11.60,11.85,16721200,11.85
2006-08-31,11.64,11.73,11.49,11.65,14875900,11.65
2006-08-30,11.47,11.71,11.36,11.64,18137900,11.64
2006-08-29,11.28,11.48,11.18,11.43,14441300,11.43
2006-08-28,11.17,11.38,11.17,11.33,14624700,11.33
2006-08-25,11.16,11.25,11.14,11.23,7893300,11.23
2006-08-24,11.10,11.24,11.07,11.22,11901600,11.22
2006-08-23,11.10,11.18,11.01,11.10,14432000,11.10
2006-08-22,11.06,11.24,11.03,11.14,14846100,11.14
2006-08-21,10.97,11.20,10.89,11.12,15360900,11.12
2006-08-18,11.18,11.18,10.89,11.09,15144800,11.09
2006-08-17,11.07,11.22,10.81,11.13,26842600,11.13
2006-08-16,10.98,11.02,10.73,10.97,22018900,10.97
2006-08-15,10.79,11.00,10.72,10.94,30160600,10.94
2006-08-14,10.33,10.75,10.24,10.67,37721200,10.67
2006-08-11,9.93,10.16,9.92,10.15,32523600,10.15
2006-08-10,9.60,9.95,9.53,9.90,27132600,9.90
2006-08-09,9.70,9.84,9.63,9.65,13220200,9.65
2006-08-08,9.70,9.79,9.58,9.67,17252400,9.67
2006-08-07,9.90,9.93,9.64,9.70,16161600,9.70
2006-08-04,9.86,9.99,9.75,9.93,21438500,9.93
2006-08-03,9.58,9.77,9.57,9.75,23979900,9.75
2006-08-02,9.70,9.76,9.56,9.68,26230800,9.68
2006-08-01,10.06,10.06,9.66,9.72,37950200,9.72
2006-07-31,10.17,10.37,10.14,10.15,13178600,10.15
2006-07-28,10.14,10.30,10.11,10.24,16879700,10.24
2006-07-27,10.23,10.35,10.14,10.14,11637300,10.14
2006-07-26,10.17,10.31,10.09,10.23,16735400,10.23
2006-07-25,10.19,10.37,10.15,10.25,15386900,10.25
2006-07-24,10.31,10.39,10.10,10.31,14774600,10.31
2006-07-21,10.44,10.44,10.10,10.30,27737200,10.30
2006-07-20,10.44,10.52,10.26,10.43,36791100,10.43
2006-07-19,10.16,10.34,10.06,10.34,24217600,10.34
2006-07-18,10.10,10.20,10.00,10.15,27501700,10.15
2006-07-17,9.67,10.20,9.67,10.09,41743900,10.09
2006-07-14,9.86,9.88,9.44,9.83,56936500,9.83
2006-07-13,10.44,10.44,9.84,9.98,31890700,9.98
2006-07-12,10.52,10.52,10.05,10.09,29563700,10.09
2006-07-11,10.33,10.55,10.20,10.50,29429700,10.50
2006-07-10,10.90,11.08,10.32,10.41,64240000,10.41
2006-07-07,11.06,11.20,10.96,11.18,25470900,11.18
2006-07-06,10.99,11.22,10.95,11.07,25144200,11.07
2006-07-05,10.79,11.00,10.72,10.93,21482200,10.93
2006-07-03,11.00,11.01,10.80,10.94,12203700,10.94
2006-06-30,10.19,10.99,10.11,10.97,89778100,10.97
2006-06-29,11.30,11.38,10.97,11.25,28792500,11.25
2006-06-28,10.97,11.29,10.85,11.25,18885100,11.25
2006-06-27,11.36,11.40,11.14,11.18,15012100,11.18
2006-06-26,11.59,11.64,11.33,11.35,17156300,11.35
2006-06-23,11.42,11.65,11.40,11.53,17022500,11.53
2006-06-22,11.59,11.68,11.40,11.44,23187300,11.44
2006-06-21,11.59,11.75,11.55,11.64,21070700,11.64
2006-06-20,11.60,11.76,11.42,11.60,31585800,11.60
2006-06-19,12.00,12.00,11.59,11.63,30730800,11.63
2006-06-16,11.99,12.14,11.96,12.01,18098900,12.01
2006-06-15,11.99,12.10,11.82,12.02,25620200,12.02
2006-06-14,11.66,11.98,11.65,11.90,21435100,11.90
2006-06-13,11.73,11.83,11.62,11.70,20892600,11.70
2006-06-12,11.93,11.96,11.71,11.73,17198500,11.73
2006-06-09,12.05,12.10,11.82,11.82,17398800,11.82
2006-06-08,12.24,12.28,11.86,12.05,23498200,12.05
2006-06-07,12.30,12.38,11.85,12.12,48751600,12.12
2006-06-06,12.36,12.50,12.22,12.35,19232900,12.35
2006-06-05,12.84,12.85,12.42,12.46,13409700,12.46
2006-06-02,13.00,13.05,12.71,12.89,11547700,12.89
2006-06-01,12.80,13.01,12.74,12.99,13915200,12.99
2006-05-31,12.56,12.86,12.55,12.80,14637700,12.80
2006-05-30,12.70,12.72,12.55,12.55,13280100,12.55
2006-05-26,12.64,12.84,12.59,12.78,14307100,12.78
2006-05-25,12.47,12.64,12.36,12.59,15621500,12.59
2006-05-24,12.36,12.45,12.25,12.40,17819400,12.40
2006-05-23,12.71,12.83,12.43,12.43,15284800,12.43
2006-05-22,12.63,12.77,12.54,12.72,9842400,12.72
2006-05-19,12.78,12.93,12.61,12.73,14148900,12.73
2006-05-18,12.60,12.79,12.52,12.64,16780100,12.64
2006-05-17,12.75,12.76,12.42,12.69,25869200,12.69
2006-05-16,12.90,13.04,12.85,12.90,14085700,12.90
2006-05-15,12.90,12.98,12.76,12.85,18541000,12.85
2006-05-12,13.02,13.12,12.97,13.00,15430200,13.00
2006-05-11,13.14,13.20,12.85,13.09,19648800,13.09
2006-05-10,13.40,13.45,13.18,13.19,15904100,13.19
2006-05-09,13.52,13.66,13.45,13.49,11821300,13.49
2006-05-08,13.32,13.69,13.31,13.60,13970600,13.60
2006-05-05,13.40,13.43,13.24,13.38,21781600,13.38
2006-05-04,13.40,13.51,13.30,13.37,10906100,13.37
2006-05-03,13.32,13.40,13.28,13.37,10642800,13.37
2006-05-02,13.32,13.50,13.32,13.37,13152900,13.37
2006-05-01,13.51,13.60,13.31,13.32,15417400,13.32
2006-04-28,13.59,13.68,13.45,13.51,13459400,13.51
2006-04-27,13.69,13.73,13.48,13.70,12177300,13.70
2006-04-26,13.48,13.73,13.48,13.69,11486300,13.69
2006-04-25,13.43,13.51,13.22,13.51,16454000,13.51
2006-04-24,13.55,13.63,13.43,13.47,12679500,13.47
2006-04-21,13.68,13.83,13.60,13.66,23156700,13.66
2006-04-20,13.77,13.99,13.55,13.87,37444000,13.87
2006-04-19,13.36,13.47,13.19,13.34,18773700,13.34
2006-04-18,13.16,13.44,13.11,13.33,12847300,13.33
2006-04-17,13.32,13.42,13.18,13.24,8138600,13.24
2006-04-13,13.20,13.36,13.10,13.36,17716100,13.36
2006-04-12,13.35,13.44,13.22,13.23,12619800,13.23
2006-04-11,13.39,13.42,13.26,13.37,9258900,13.37
2006-04-10,13.55,13.57,13.36,13.42,9681800,13.42
2006-04-07,13.61,13.68,13.45,13.57,12465300,13.57
2006-04-06,13.66,13.79,13.55,13.62,17452900,13.62
2006-04-05,13.79,13.89,13.65,13.80,11144300,13.80
2006-04-04,13.40,13.74,13.38,13.71,19519100,13.71
2006-04-03,13.66,13.79,13.32,13.35,22322400,13.35
2006-03-31,13.58,13.73,13.51,13.63,18712100,13.63
2006-03-30,13.48,13.72,13.43,13.50,15798400,13.50
2006-03-29,13.30,13.55,13.24,13.50,22060400,13.50
2006-03-28,13.50,13.58,13.22,13.25,30542000,13.25
2006-03-27,13.64,13.73,13.49,13.60,20199100,13.60
2006-03-24,13.86,13.86,13.62,13.70,12413900,13.70
2006-03-23,13.74,13.81,13.60,13.80,18271200,13.80
2006-03-22,14.06,14.10,13.87,13.93,11554000,13.93
2006-03-21,14.30,14.30,13.95,14.04,17581500,14.04
2006-03-20,14.18,14.37,14.14,14.33,12148500,14.33
2006-03-17,14.07,14.12,13.87,14.10,13573300,14.10
2006-03-16,14.16,14.26,13.92,14.02,13092500,14.02
2006-03-15,14.34,14.37,14.06,14.18,14028000,14.18
2006-03-14,14.15,14.36,14.09,14.34,10424400,14.34
2006-03-13,14.21,14.28,14.09,14.18,9572200,14.18
2006-03-10,14.11,14.30,14.09,14.16,12456100,14.16
2006-03-09,14.40,14.41,14.06,14.11,12108900,14.11
2006-03-08,14.00,14.18,13.79,14.11,16918400,14.11
2006-03-07,14.14,14.14,13.96,14.01,18619900,14.01
2006-03-06,14.50,14.64,14.07,14.14,18312200,14.14
2006-03-03,14.43,14.75,14.25,14.50,19543100,14.50
2006-03-02,14.13,14.63,14.12,14.58,25048900,14.58
2006-03-01,14.09,14.27,14.01,14.25,18530500,14.25
2006-02-28,14.22,14.32,13.97,14.02,17450700,14.02
2006-02-27,13.85,14.25,13.83,14.18,23685100,14.18
2006-02-24,13.79,14.07,13.66,13.93,21949600,13.93
2006-02-23,13.62,13.77,13.59,13.70,18075800,13.70
2006-02-22,13.65,13.81,13.51,13.72,15858600,13.72
2006-02-21,13.45,13.72,13.45,13.63,19185600,13.63
2006-02-17,13.49,13.58,13.41,13.48,29014100,13.48
2006-02-16,13.31,13.59,13.23,13.43,32509300,13.43
2006-02-15,13.30,13.38,13.15,13.17,16220400,13.17
2006-02-14,13.28,13.44,13.26,13.34,8938400,13.34
2006-02-13,13.25,13.33,13.21,13.32,10431600,13.32
2006-02-10,13.42,13.44,13.28,13.30,12544600,13.30
2006-02-09,13.55,13.57,13.39,13.40,17296000,13.40
2006-02-08,13.40,13.59,13.37,13.50,16354300,13.50
2006-02-07,13.32,13.43,13.24,13.35,16593700,13.35
2006-02-06,13.30,13.43,13.21,13.41,14575300,13.41
2006-02-03,13.25,13.35,13.17,13.31,13060200,13.31
2006-02-02,13.37,13.48,13.25,13.32,14430900,13.32
2006-02-01,13.37,13.55,13.32,13.48,13601500,13.48
2006-01-31,13.51,13.56,13.39,13.40,20362600,13.40
2006-01-30,13.56,13.72,13.45,13.66,19820200,13.66
2006-01-27,13.71,13.76,13.56,13.63,17759600,13.63
2006-01-26,13.92,13.93,13.66,13.71,17773100,13.71
2006-01-25,13.70,13.87,13.63,13.86,29628900,13.86
2006-01-24,13.50,13.73,13.35,13.65,38280900,13.65
2006-01-23,13.30,13.34,13.05,13.26,18779200,13.26
2006-01-20,13.61,13.75,13.22,13.24,16150000,13.24
2006-01-19,13.55,13.79,13.47,13.71,23813100,13.71
2006-01-18,13.29,13.39,13.18,13.36,11810800,13.36
2006-01-17,13.45,13.47,13.31,13.32,12550100,13.32
2006-01-13,13.64,13.68,13.50,13.61,15881500,13.61
2006-01-12,13.54,13.74,13.46,13.60,22510900,13.60
2006-01-11,13.38,13.51,13.33,13.51,19396400,13.51
2006-01-10,13.52,13.58,13.20,13.31,41098000,13.31
2006-01-09,13.81,13.84,13.56,13.60,24219700,13.60
2006-01-06,14.23,14.23,13.55,13.73,58266600,13.73
2006-01-05,13.98,14.10,13.82,13.98,13831900,13.98
2006-01-04,13.77,14.10,13.70,14.00,21189500,14.00
2006-01-03,13.70,13.77,13.42,13.68,18548500,13.68
2005-12-30,13.65,13.73,13.61,13.62,8494200,13.62
2005-12-29,13.67,13.78,13.67,13.73,7163200,13.73
2005-12-28,13.66,13.79,13.65,13.67,7980700,13.67
2005-12-27,13.82,13.94,13.65,13.66,10134100,13.66
2005-12-23,13.93,14.00,13.85,13.89,7321000,13.89
2005-12-22,13.72,14.00,13.70,13.94,18103600,13.94
2005-12-21,13.48,13.74,13.44,13.67,13399600,13.67
2005-12-20,13.53,13.57,13.23,13.44,13825500,13.44
2005-12-19,13.71,13.78,13.45,13.48,14435600,13.48
2005-12-16,13.99,13.99,13.65,13.71,17074400,13.71
2005-12-15,13.71,13.95,13.71,13.90,13198100,13.90
2005-12-14,13.76,13.97,13.70,13.70,25761500,13.70
2005-12-13,14.06,14.09,13.51,13.61,36940700,13.61
2005-12-12,14.25,14.35,14.12,14.13,7248600,14.13
2005-12-09,14.07,14.28,14.06,14.14,8200600,14.14
2005-12-08,14.12,14.38,13.99,14.15,10642900,14.15
2005-12-07,14.26,14.47,14.21,14.25,11428600,14.25
2005-12-06,14.29,14.55,14.27,14.28,21539700,14.28
2005-12-05,14.03,14.30,13.96,14.23,13353400,14.23
2005-12-02,14.07,14.11,13.99,14.04,9392200,14.04
2005-12-01,14.07,14.12,13.98,14.07,10660900,14.07
2005-11-30,14.00,14.07,13.91,13.93,8934000,13.93
2005-11-29,13.96,14.13,13.91,13.96,10319400,13.96
2005-11-28,14.08,14.14,13.92,13.95,9646100,13.95
2005-11-25,14.20,14.24,14.06,14.09,3104000,14.09
2005-11-23,14.08,14.49,14.07,14.26,15268500,14.26
2005-11-22,13.87,14.13,13.81,14.10,12246600,14.10
2005-11-21,14.07,14.07,13.76,13.86,9762700,13.86
2005-11-18,14.12,14.12,13.89,13.98,10706600,13.98
2005-11-17,13.72,14.00,13.66,13.96,14219400,13.96
2005-11-16,13.68,13.80,13.52,13.56,10234800,13.56
2005-11-15,13.52,13.82,13.52,13.69,11583500,13.69
2005-11-14,13.60,13.74,13.52,13.63,12085500,13.63
2005-11-11,13.91,13.92,13.60,13.67,21715400,13.67
2005-11-10,14.07,14.15,13.81,13.87,24489100,13.87
2005-11-09,14.00,14.20,13.96,14.11,8599200,14.11
2005-11-08,14.17,14.25,14.02,14.03,7951700,14.03
2005-11-07,14.20,14.38,14.15,14.30,16774200,14.30
2005-11-04,13.97,14.19,13.82,14.15,12908400,14.15
2005-11-03,13.73,13.98,13.68,13.86,12306800,13.86
2005-11-02,13.68,13.77,13.57,13.65,13167100,13.65
2005-11-01,13.93,13.93,13.71,13.71,14440800,13.71
2005-10-31,13.82,14.00,13.77,13.96,18462200,13.96
2005-10-28,13.76,13.98,13.71,13.82,19575400,13.82
2005-10-27,13.78,13.93,13.73,13.73,8882100,13.73
2005-10-26,13.75,14.00,13.75,13.85,9678900,13.85
2005-10-25,13.90,14.01,13.75,13.86,11370200,13.86
2005-10-24,13.89,14.03,13.74,14.01,16404200,14.01
2005-10-21,13.51,13.92,13.45,13.73,17844300,13.73
2005-10-20,13.66,13.93,13.54,13.59,16100700,13.59
2005-10-19,13.51,13.80,13.26,13.76,22230000,13.76
2005-10-18,13.30,13.39,13.16,13.24,11846800,13.24
2005-10-17,13.05,13.30,12.98,13.25,14123400,13.25
2005-10-14,13.00,13.12,12.92,12.98,12987500,12.98
2005-10-13,12.83,13.08,12.79,12.84,11943100,12.84
2005-10-12,12.77,13.01,12.70,12.95,11202100,12.95
2005-10-11,13.10,13.20,12.79,12.92,13847100,12.92
2005-10-10,13.27,13.45,13.11,13.12,11620300,13.12
2005-10-07,13.12,13.25,13.07,13.21,11365700,13.21
2005-10-06,13.29,13.30,13.07,13.08,12589500,13.08
2005-10-05,13.40,13.50,13.20,13.24,15661900,13.24
2005-10-04,13.62,13.78,13.41,13.48,21619700,13.48
2005-10-03,12.99,13.51,12.95,13.47,31238700,13.47
2005-09-30,12.74,12.96,12.72,12.94,10825400,12.94
2005-09-29,12.52,12.77,12.44,12.73,17893400,12.73
2005-09-28,12.35,12.73,12.22,12.66,17761900,12.66
2005-09-27,12.31,12.50,12.05,12.38,20286500,12.38
2005-09-26,12.78,12.78,12.36,12.48,14572400,12.48
2005-09-23,12.57,12.74,12.51,12.65,9732000,12.65
2005-09-22,12.65,12.70,12.48,12.60,10757000,12.60
2005-09-21,12.68,12.85,12.44,12.47,11400500,12.47
2005-09-20,12.94,13.03,12.75,12.77,10607500,12.77
2005-09-19,12.58,13.01,12.55,12.89,16884700,12.89
2005-09-16,12.65,12.75,12.45,12.61,20325400,12.61
2005-09-15,12.89,12.91,12.45,12.49,18298400,12.49
2005-09-14,13.06,13.25,12.70,12.80,16476200,12.80
2005-09-13,12.97,13.29,12.87,13.09,13290900,13.09
2005-09-12,13.03,13.07,12.83,12.87,9976200,12.87
2005-09-09,12.85,13.04,12.85,12.97,22936300,12.97
2005-09-08,13.25,13.25,12.70,12.74,25547000,12.74
2005-09-07,13.33,13.38,13.13,13.18,10449900,13.18
2005-09-06,13.12,13.44,13.12,13.33,9900600,13.33
2005-09-02,13.12,13.20,13.00,13.07,6699400,13.07
2005-09-01,13.04,13.34,13.03,13.08,12689000,13.08
2005-08-31,12.88,12.93,12.73,12.86,10676900,12.86
2005-08-30,12.95,12.99,12.83,12.94,9110200,12.94
2005-08-29,12.88,13.15,12.87,12.99,7659700,12.99
2005-08-26,12.82,13.14,12.81,13.00,11391800,13.00
2005-08-25,13.04,13.08,12.85,12.92,12540300,12.92
2005-08-24,13.20,13.28,13.07,13.08,8755100,13.08
2005-08-23,13.11,13.21,12.92,13.18,9248600,13.18
2005-08-22,13.36,13.36,13.02,13.13,9101700,13.13
2005-08-19,13.32,13.37,13.16,13.17,5768600,13.17
2005-08-18,13.15,13.34,13.14,13.25,6563300,13.25
2005-08-17,13.17,13.39,13.12,13.25,7063900,13.25
2005-08-16,13.35,13.38,13.13,13.22,9049300,13.22
2005-08-15,13.25,13.53,13.12,13.45,10446600,13.45
2005-08-12,13.62,13.72,13.33,13.33,15007900,13.33
2005-08-11,13.58,13.84,13.58,13.81,8393200,13.81
2005-08-10,13.72,13.84,13.60,13.62,7915300,13.62
2005-08-09,13.62,13.82,13.55,13.65,8107500,13.65
2005-08-08,13.70,13.74,13.47,13.60,9376200,13.60
2005-08-05,13.72,13.87,13.65,13.68,9128700,13.68
2005-08-04,13.81,13.89,13.72,13.72,8759400,13.72
2005-08-03,13.78,13.92,13.78,13.90,9914400,13.90
2005-08-02,13.93,14.04,13.85,13.90,13884300,13.90
2005-08-01,13.65,14.06,13.65,13.97,15285300,13.97
2005-07-29,13.82,13.87,13.66,13.69,13026900,13.69
2005-07-28,14.01,14.04,13.84,13.95,11999300,13.95
2005-07-27,14.00,14.07,13.80,14.02,11131700,14.02
2005-07-26,14.25,14.26,13.88,14.02,18077500,14.02
2005-07-25,14.41,14.44,14.14,14.25,13974000,14.25
2005-07-22,14.12,14.50,14.09,14.49,20825300,14.49
2005-07-21,13.94,14.14,13.60,14.09,36045100,14.09
2005-07-20,14.45,14.58,14.27,14.42,13549900,14.42
2005-07-19,14.75,14.75,14.46,14.52,10952700,14.52
2005-07-18,14.59,14.65,14.53,14.57,5709700,14.57
2005-07-15,14.62,14.71,14.39,14.67,8873100,14.67
2005-07-14,14.60,14.74,14.57,14.65,8890000,14.65
2005-07-13,14.58,14.68,14.38,14.57,6535200,14.57
2005-07-12,14.62,14.66,14.41,14.53,9998900,14.53
2005-07-11,14.75,14.78,14.60,14.73,9786800,14.73
2005-07-08,14.44,14.75,14.32,14.70,13030500,14.70
2005-07-07,14.22,14.52,14.21,14.43,11276500,14.43
2005-07-06,14.30,14.58,14.25,14.48,15862900,14.48
2005-07-05,13.85,14.34,13.84,14.30,12612900,14.30
2005-07-01,13.67,14.27,13.63,14.17,16333400,14.17
2005-06-30,13.80,13.85,13.67,13.71,12710000,13.71
2005-06-29,13.70,13.93,13.67,13.79,16889500,13.79
2005-06-28,13.75,13.81,13.42,13.56,17256000,13.56
2005-06-27,13.75,13.79,13.51,13.68,13120700,13.68
2005-06-24,14.08,14.14,13.70,13.87,11081700,13.87
2005-06-23,14.36,14.50,14.11,14.13,10541900,14.13
2005-06-22,14.50,14.56,14.30,14.42,6457900,14.42
2005-06-21,14.27,14.39,14.22,14.34,5783700,14.34
2005-06-20,14.22,14.50,14.18,14.33,6410100,14.33
2005-06-17,14.54,14.54,14.32,14.43,12783900,14.43
2005-06-16,14.09,14.35,14.02,14.27,10406700,14.27
2005-06-15,14.35,14.42,13.92,14.10,17568300,14.10
2005-06-14,14.75,14.81,14.32,14.38,12025800,14.38
2005-06-13,14.45,14.88,14.42,14.79,11661100,14.79
2005-06-10,14.75,14.79,14.45,14.54,9746400,14.54
2005-06-09,14.56,14.75,14.54,14.69,12138800,14.69
2005-06-08,14.44,14.75,14.40,14.59,14494000,14.59
2005-06-07,14.26,14.45,14.25,14.34,10151400,14.34
2005-06-06,14.22,14.31,14.20,14.25,5585200,14.25
2005-06-03,14.23,14.34,14.22,14.29,8533700,14.29
2005-06-02,14.20,14.42,14.16,14.30,14105100,14.30
2005-06-01,14.02,14.23,14.01,14.20,8772400,14.20
2005-05-31,14.12,14.16,14.01,14.06,7104400,14.06
2005-05-27,14.15,14.28,14.10,14.16,7603800,14.16
2005-05-26,14.15,14.23,14.10,14.14,8579500,14.14
2005-05-25,14.08,14.19,14.03,14.12,7786100,14.12
2005-05-24,14.08,14.26,14.05,14.22,11645400,14.22
2005-05-23,14.07,14.21,14.05,14.15,8857000,14.15
2005-05-20,14.12,14.14,14.03,14.09,6444600,14.09
2005-05-19,14.20,14.25,14.07,14.19,10099100,14.19
2005-05-18,14.10,14.21,14.00,14.15,10510100,14.15
2005-05-17,13.91,14.05,13.71,14.00,12330400,14.00
2005-05-16,13.97,14.03,13.85,13.98,11119600,13.98
2005-05-13,13.65,13.97,13.56,13.86,26622400,13.86
2005-05-12,13.02,13.55,13.00,13.42,16269200,13.42
2005-05-11,13.00,13.09,12.65,13.02,8900500,13.02
2005-05-10,13.10,13.18,12.98,12.99,8861100,12.99
2005-05-09,13.01,13.23,12.94,13.18,9002100,13.18
2005-05-06,12.94,13.01,12.90,12.96,9430200,12.96
2005-05-05,13.00,13.07,12.90,12.97,10822800,12.97
2005-05-04,12.98,13.11,12.89,12.99,7536900,12.99
2005-05-03,12.79,13.11,12.79,12.98,13470600,12.98
2005-05-02,13.00,13.20,12.80,12.84,11182000,12.84
2005-04-29,12.99,13.13,12.85,13.12,10358900,13.12
2005-04-28,12.94,13.02,12.89,12.93,10793000,12.93
2005-04-27,12.89,13.06,12.85,13.00,9084900,13.00
2005-04-26,13.01,13.24,12.97,12.99,8692900,12.99
2005-04-25,13.42,13.43,13.00,13.10,11155100,13.10
2005-04-22,13.27,13.47,13.16,13.30,13818300,13.30
2005-04-21,12.94,13.35,12.82,13.30,17630600,13.30
2005-04-20,13.08,13.08,12.78,12.82,16197000,12.82
2005-04-19,12.28,13.23,12.19,12.99,40405600,12.99
2005-04-18,11.33,11.58,11.20,11.47,12015500,11.47
2005-04-15,11.60,11.75,11.10,11.54,21894000,11.54
2005-04-14,12.20,12.30,11.88,11.94,9456100,11.94
2005-04-13,12.32,12.44,12.16,12.24,8940500,12.24
2005-04-12,12.32,12.54,12.15,12.47,7462700,12.47
2005-04-11,12.59,12.64,12.30,12.33,8848600,12.33
2005-04-08,12.56,12.70,12.51,12.54,10099500,12.54
2005-04-07,12.29,12.56,12.23,12.48,10806300,12.48
2005-04-06,12.48,12.53,12.28,12.29,10058700,12.29
2005-04-05,12.42,12.58,12.38,12.53,13363300,12.53
2005-04-04,12.31,12.60,12.28,12.47,11427000,12.47
2005-04-01,12.40,12.57,12.26,12.36,18417500,12.36
2005-03-31,12.43,12.45,12.27,12.32,9982600,12.32
2005-03-30,12.06,12.51,12.05,12.39,15791300,12.39
2005-03-29,12.00,12.07,11.86,11.98,12331000,11.98
2005-03-28,12.24,12.26,12.01,12.03,7999200,12.03
2005-03-24,12.32,12.37,12.15,12.16,8466100,12.16
2005-03-23,12.15,12.31,12.11,12.24,8926800,12.24
2005-03-22,12.50,12.55,12.17,12.19,9820000,12.19
2005-03-21,12.53,12.64,12.38,12.46,10742300,12.46
2005-03-18,12.47,12.50,12.24,12.43,16120800,12.43
2005-03-17,12.14,12.43,12.06,12.40,12384000,12.40
2005-03-16,11.80,12.12,11.79,12.04,18961700,12.04
2005-03-15,12.43,12.43,12.08,12.12,16747700,12.12
2005-03-14,12.60,12.66,12.34,12.44,15237300,12.44
2005-03-11,12.71,12.80,12.51,12.57,11944300,12.57
2005-03-10,12.77,12.82,12.62,12.78,10097500,12.78
2005-03-09,12.68,12.89,12.65,12.75,9675900,12.75
2005-03-08,12.85,12.97,12.72,12.83,10749600,12.83
2005-03-07,12.79,13.07,12.76,12.86,11889000,12.86
2005-03-04,12.94,12.96,12.76,12.77,9478000,12.77
2005-03-03,13.01,13.03,12.75,12.87,8829200,12.87
2005-03-02,12.72,13.07,12.71,13.01,10504500,13.01
2005-03-01,12.78,13.03,12.60,12.94,12954400,12.94
2005-02-28,12.76,12.89,12.56,12.66,13048600,12.66
2005-02-25,12.76,12.99,12.76,12.84,6484200,12.84
2005-02-24,12.70,12.85,12.59,12.77,8589600,12.77
2005-02-23,12.75,12.82,12.57,12.80,10571400,12.80
2005-02-22,12.58,12.90,12.50,12.70,11047100,12.70
2005-02-18,12.89,12.96,12.67,12.69,16354400,12.69
2005-02-17,13.05,13.16,12.91,12.94,15339900,12.94
2005-02-16,13.06,13.18,13.06,13.16,12996700,13.16
2005-02-15,13.01,13.38,13.00,13.38,15497700,13.38
2005-02-14,13.06,13.19,12.97,13.04,15668300,13.04
2005-02-11,12.95,13.22,12.84,13.13,11957700,13.13
2005-02-10,12.98,13.10,12.90,13.00,10748700,13.00
2005-02-09,13.05,13.18,12.95,13.00,11566300,13.00
2005-02-08,13.10,13.27,13.06,13.21,12000600,13.21
2005-02-07,13.15,13.39,13.13,13.16,12849200,13.16
2005-02-04,12.62,13.21,12.61,13.15,16934800,13.15
2005-02-03,12.79,12.83,12.50,12.60,12767200,12.60
2005-02-02,13.04,13.07,12.82,12.89,11456200,12.89
2005-02-01,13.00,13.05,12.91,12.94,15900700,12.94
2005-01-31,13.09,13.19,12.96,13.10,13160000,13.10
2005-01-28,12.98,13.00,12.85,12.97,12623900,12.97
2005-01-27,12.80,13.01,12.79,12.89,12774500,12.89
2005-01-26,12.79,12.84,12.66,12.78,22353900,12.78
2005-01-25,12.35,12.77,12.24,12.48,42338200,12.48
2005-01-24,13.17,13.28,12.84,12.84,12901200,12.84
2005-01-21,13.25,13.39,13.07,13.09,16741000,13.09
2005-01-20,13.27,13.43,12.80,13.16,15786600,13.16
2005-01-19,14.00,14.01,13.31,13.36,20847000,13.36
2005-01-18,13.66,13.90,13.62,13.90,8611700,13.90
2005-01-14,13.65,13.90,13.65,13.75,13991000,13.75
2005-01-13,13.76,13.83,13.50,13.59,14333800,13.59
2005-01-12,13.79,13.90,13.61,13.83,10942400,13.83
2005-01-11,13.88,14.04,13.67,13.68,13422300,13.68
2005-01-10,13.77,14.10,13.74,14.08,10804500,14.08
2005-01-07,13.90,13.94,13.58,13.85,11405200,13.85
2005-01-06,14.15,14.18,13.55,13.80,19784500,13.80
2005-01-05,14.30,14.53,13.95,14.05,16051100,14.05
2005-01-04,14.69,14.80,14.16,14.31,17370500,14.31
2005-01-03,14.97,15.09,14.63,14.73,14783100,14.73
2004-12-31,14.81,14.98,14.80,14.87,9148500,14.87
2004-12-30,14.73,14.88,14.70,14.82,10490600,14.82
2004-12-29,14.35,14.73,14.35,14.64,10346600,14.64
2004-12-28,14.36,14.43,14.30,14.42,4898200,14.42
2004-12-27,14.56,14.60,14.22,14.32,6957800,14.32
2004-12-23,14.40,14.68,14.38,14.50,14101500,14.50
2004-12-22,14.40,14.55,14.37,14.49,13186500,14.49
2004-12-21,14.23,14.49,14.11,14.49,12797000,14.49
2004-12-20,14.25,14.50,13.99,14.03,12506000,14.03
2004-12-17,14.12,14.32,14.10,14.21,14025300,14.21
2004-12-16,14.56,14.79,14.25,14.31,19378400,14.31
2004-12-15,14.37,14.67,14.27,14.65,14133900,14.65
2004-12-14,14.34,14.43,14.18,14.42,12088700,14.42
2004-12-13,14.28,14.51,14.10,14.22,10960600,14.22
2004-12-10,14.30,14.40,14.08,14.20,7170900,14.20
2004-12-09,14.27,14.39,13.89,14.33,15111100,14.33
2004-12-08,14.45,14.57,14.25,14.39,10405200,14.39
2004-12-07,14.82,14.91,14.45,14.52,16144800,14.52
2004-12-06,14.26,14.81,14.19,14.80,15875900,14.80
2004-12-03,14.40,14.65,14.18,14.39,16393300,14.39
2004-12-02,13.91,14.56,13.88,14.44,25908800,14.44
2004-12-01,13.57,14.06,13.50,14.02,22591100,14.02
2004-11-30,13.32,13.46,13.27,13.42,10208700,13.42
2004-11-29,13.38,13.50,13.26,13.36,8313700,13.36
2004-11-26,13.32,13.42,13.26,13.29,2908400,13.29
2004-11-24,13.37,13.50,13.19,13.37,8420600,13.37
2004-11-23,13.42,13.54,13.32,13.40,11018700,13.40
2004-11-22,13.48,13.50,13.23,13.44,12421400,13.44
2004-11-19,13.84,13.84,13.46,13.48,16086300,13.48
2004-11-18,13.59,13.95,13.45,13.84,16963900,13.84
2004-11-17,13.20,13.73,13.17,13.50,25333700,13.50
2004-11-16,13.05,13.05,12.88,12.88,9136100,12.88
2004-11-15,13.22,13.23,12.91,13.05,12123900,13.05
2004-11-12,13.09,13.25,13.01,13.24,10382100,13.24
2004-11-11,12.65,13.08,12.65,12.98,10797000,12.98
2004-11-10,12.90,12.90,12.54,12.57,11098300,12.57
2004-11-09,12.93,13.09,12.76,12.80,11416900,12.80
2004-11-08,13.00,13.09,12.96,12.96,5406400,12.96
2004-11-05,13.05,13.17,12.90,13.06,14137800,13.06
2004-11-04,12.92,12.92,12.73,12.86,13892000,12.86
2004-11-03,12.95,13.00,12.79,12.92,11226300,12.92
2004-11-02,12.74,12.86,12.66,12.75,10869700,12.75
2004-11-01,12.87,12.95,12.71,12.76,9678300,12.76
2004-10-29,12.84,12.92,12.74,12.87,7406100,12.87
2004-10-28,12.53,12.92,12.52,12.85,14967100,12.85
2004-10-27,12.30,12.69,12.30,12.58,10897700,12.58
2004-10-26,12.33,12.47,12.25,12.37,9345500,12.37
2004-10-25,12.33,12.48,12.28,12.34,6819100,12.34
2004-10-22,12.62,12.74,12.44,12.50,11835200,12.50
2004-10-21,12.73,12.74,12.38,12.64,11526400,12.64
2004-10-20,12.29,12.65,12.25,12.61,14113100,12.61
2004-10-19,12.39,12.75,12.26,12.28,21101000,12.28
2004-10-18,11.83,12.21,11.80,12.15,11380100,12.15
2004-10-15,11.98,12.12,11.82,11.99,11044300,11.99
2004-10-14,11.93,11.96,11.79,11.88,8299400,11.88
2004-10-13,12.00,12.16,11.91,11.93,11204000,11.93
2004-10-12,12.09,12.09,11.82,11.91,13903900,11.91
2004-10-11,12.17,12.30,12.15,12.22,3900400,12.22
2004-10-08,12.21,12.44,12.11,12.15,12289000,12.15
2004-10-07,12.50,12.60,12.32,12.35,12845400,12.35
2004-10-06,12.48,12.78,12.41,12.68,18074100,12.68
2004-10-05,12.41,12.54,12.14,12.48,18166700,12.48
2004-10-04,12.11,12.53,12.10,12.41,20903600,12.41
2004-10-01,11.69,12.07,11.68,12.02,20409900,12.02
2004-09-30,11.30,11.59,11.25,11.54,19749800,11.54
2004-09-29,11.06,11.40,11.05,11.35,16308800,11.35
2004-09-28,10.80,11.10,10.63,11.06,18496800,11.06
2004-09-27,11.00,11.14,10.80,10.85,14122100,10.85
2004-09-24,11.20,11.34,11.14,11.17,12108200,11.17
2004-09-23,10.80,11.17,10.80,11.05,9847100,11.05
2004-09-22,10.80,11.15,10.76,10.90,14113400,10.90
2004-09-21,11.05,11.08,10.79,10.97,14208900,10.97
2004-09-20,10.69,11.09,10.68,11.07,12630600,11.07
2004-09-17,10.70,10.82,10.66,10.80,13933100,10.80
2004-09-16,10.76,10.88,10.72,10.73,7649800,10.73
2004-09-15,11.13,11.13,10.71,10.75,15570500,10.75
2004-09-14,11.53,11.61,11.07,11.12,16706700,11.12
2004-09-13,11.35,11.59,11.25,11.53,18119500,11.53
2004-09-10,10.97,11.28,10.83,11.15,16579700,11.15
2004-09-09,10.62,10.98,10.61,10.89,13063600,10.89
2004-09-08,10.56,10.76,10.54,10.54,10772800,10.54
2004-09-07,10.53,10.75,10.53,10.61,6958700,10.61
2004-09-03,10.71,10.76,10.55,10.58,5713400,10.58
2004-09-02,10.69,10.83,10.59,10.78,6079200,10.78
2004-09-01,10.70,10.89,10.59,10.68,6845400,10.68
2004-08-31,10.60,10.84,10.55,10.77,10087100,10.77
2004-08-30,10.60,10.78,10.51,10.64,8025900,10.64
2004-08-27,10.61,10.80,10.60,10.75,5257500,10.75
2004-08-26,10.80,10.81,10.59,10.63,7271300,10.63
2004-08-25,10.59,10.90,10.55,10.80,10841300,10.80
2004-08-24,10.82,10.92,10.53,10.66,15265600,10.66
2004-08-23,10.42,10.94,10.42,10.82,11830000,10.82
2004-08-20,10.60,10.73,10.45,10.50,10546300,10.50
2004-08-19,10.45,10.68,10.36,10.60,13166400,10.60
2004-08-18,9.90,10.60,9.89,10.49,16962700,10.49
2004-08-17,9.68,10.00,9.65,9.90,13699300,9.90
2004-08-16,9.50,9.67,9.46,9.53,19850100,9.53
2004-08-13,9.58,9.60,9.24,9.37,23792500,9.37
2004-08-12,10.00,10.05,9.40,9.48,26868300,9.48
2004-08-11,10.25,10.35,10.03,10.14,14196100,10.14
2004-08-10,10.24,10.58,10.23,10.58,7902200,10.58
2004-08-09,10.31,10.42,10.18,10.20,6289300,10.20
2004-08-06,10.46,10.52,10.30,10.34,8870100,10.34
2004-08-05,10.73,10.81,10.61,10.65,6463100,10.65
2004-08-04,10.51,10.82,10.51,10.79,7504800,10.79
2004-08-03,10.72,10.77,10.57,10.66,7584000,10.66
2004-08-02,10.79,10.89,10.70,10.76,7975000,10.76
2004-07-30,10.55,11.10,10.54,10.97,11416100,10.97
2004-07-29,10.67,10.90,10.58,10.64,12278300,10.64
2004-07-28,10.65,10.77,10.41,10.64,8370300,10.64
2004-07-27,10.51,10.95,10.51,10.80,13328800,10.80
2004-07-26,10.60,11.15,10.35,10.49,7880600,10.49
2004-07-23,10.72,10.76,10.60,10.67,8991500,10.67
2004-07-22,10.70,10.91,10.57,10.82,10828600,10.82
2004-07-21,11.10,11.31,10.71,10.75,21255600,10.75
2004-07-20,10.36,10.92,10.25,10.86,21329500,10.86
2004-07-19,10.29,10.45,10.05,10.36,15226000,10.36
2004-07-16,10.70,10.71,10.05,10.25,15106300,10.25
2004-07-15,10.25,10.65,10.25,10.40,6890500,10.40
2004-07-14,10.41,10.59,10.25,10.32,8943800,10.32
2004-07-13,10.71,10.83,10.57,10.64,5932100,10.64
2004-07-12,10.55,10.84,10.37,10.84,12926300,10.84
2004-07-09,10.45,10.61,10.35,10.35,13484800,10.35
2004-07-08,10.70,10.84,10.43,10.45,18650000,10.45
2004-07-07,10.29,10.99,10.27,10.96,40949600,10.96
2004-07-06,10.54,10.58,9.99,10.16,24469500,10.16
2004-07-02,11.10,11.10,10.80,10.82,11497700,10.82
2004-07-01,11.23,11.27,10.94,11.14,15582100,11.14
2004-06-30,11.36,11.50,11.20,11.40,11542600,11.40
2004-06-29,11.17,11.48,11.04,11.42,6792500,11.42
2004-06-28,11.54,11.65,11.18,11.23,12046700,11.23
2004-06-25,11.62,11.90,11.53,11.53,13756300,11.53
2004-06-24,11.47,11.62,11.38,11.54,7858400,11.54
2004-06-23,11.17,11.49,11.15,11.48,10141100,11.48
2004-06-22,11.07,11.24,11.02,11.17,14719000,11.17
2004-06-21,11.39,11.39,11.05,11.06,8217900,11.06
2004-06-18,11.12,11.45,11.12,11.33,14450300,11.33
2004-06-17,11.40,11.43,11.06,11.17,9113400,11.17
2004-06-16,11.50,11.59,11.24,11.33,10209400,11.33
2004-06-15,11.40,11.85,11.40,11.49,20143000,11.49
2004-06-14,11.28,11.44,11.20,11.29,11972800,11.29
2004-06-10,11.43,11.47,11.05,11.18,15223200,11.18
2004-06-09,11.71,11.85,11.40,11.41,10205900,11.41
2004-06-08,11.57,11.96,11.41,11.75,14535400,11.75
2004-06-07,11.65,11.65,11.50,11.54,10487700,11.54
2004-06-04,11.29,11.49,10.99,11.40,13599300,11.40
2004-06-03,11.20,11.20,10.95,10.99,9515700,10.99
2004-06-02,11.20,11.30,11.03,11.23,7946100,11.23
2004-06-01,11.12,11.34,11.01,11.10,9275200,11.10
2004-05-28,11.13,11.27,11.08,11.24,7464900,11.24
2004-05-27,11.39,11.50,11.07,11.19,15395800,11.19
2004-05-26,10.84,11.40,10.77,11.20,18709400,11.20
2004-05-25,10.30,10.76,10.22,10.70,14124000,10.70
2004-05-24,10.28,10.39,10.20,10.34,8291400,10.34
2004-05-21,10.12,10.28,9.97,10.18,13908800,10.18
2004-05-20,10.35,10.38,10.02,10.15,10216700,10.15
2004-05-19,10.38,10.65,10.30,10.31,13973500,10.31
2004-05-18,10.45,10.54,10.26,10.28,11768800,10.28
2004-05-17,10.20,10.42,10.11,10.31,14896200,10.31
2004-05-14,10.95,11.09,10.38,10.46,26853500,10.46
2004-05-13,10.75,11.19,10.75,11.14,11970000,11.14
2004-05-12,10.99,11.05,10.65,10.88,20618600,10.88
2004-05-11,11.12,11.27,10.97,10.99,17050400,10.99
2004-05-10,11.07,11.24,11.01,11.12,11826000,11.12
2004-05-07,11.10,11.45,11.10,11.27,15935500,11.27
2004-05-06,11.31,11.36,11.02,11.21,11974700,11.21
2004-05-05,11.31,11.46,11.16,11.40,16361800,11.40
2004-05-04,11.38,11.45,10.99,11.27,18144200,11.27
2004-05-03,11.11,11.49,11.10,11.31,18723100,11.31
2004-04-30,11.30,11.45,11.10,11.16,24369800,11.16
2004-04-29,11.84,11.90,10.81,11.19,48169700,11.19
2004-04-28,11.67,11.95,11.62,11.79,16903400,11.79
2004-04-27,12.05,12.20,11.58,11.83,21106800,11.83
2004-04-26,12.41,12.52,11.75,11.99,19134200,11.99
2004-04-23,12.47,12.56,12.30,12.43,10656500,12.43
2004-04-22,12.44,12.67,12.32,12.44,15838100,12.44
2004-04-21,12.81,12.81,12.37,12.56,9312600,12.56
2004-04-20,12.95,13.04,12.55,12.59,15694600,12.59
2004-04-19,12.48,12.70,12.42,12.63,12810500,12.63
2004-04-16,13.07,13.07,12.35,12.55,21129100,12.55
2004-04-15,13.39,13.45,12.95,13.02,18631000,13.02
2004-04-14,13.15,13.32,12.95,13.20,18337700,13.20
2004-04-13,13.08,13.23,13.01,13.20,16535200,13.20
2004-04-12,13.15,13.20,12.97,13.08,12563900,13.08
2004-04-08,13.04,13.08,12.84,12.96,15622600,12.96
2004-04-07,12.97,12.97,12.55,12.75,18238000,12.75
2004-04-06,13.20,13.29,12.88,12.95,14519900,12.95
2004-04-05,13.05,13.46,13.00,13.37,21623500,13.37
2004-04-02,13.75,13.76,12.90,13.11,35682700,13.11
2004-04-01,13.65,13.73,13.35,13.50,15503000,13.50
2004-03-31,13.60,13.85,13.54,13.61,20299200,13.61
2004-03-30,13.86,13.96,13.72,13.96,12761000,13.96
2004-03-29,13.54,13.94,13.54,13.82,13819200,13.82
2004-03-26,13.41,13.55,13.26,13.41,11921300,13.41
2004-03-25,12.80,13.59,12.80,13.51,19665900,13.51
2004-03-24,12.48,12.73,12.34,12.67,11151700,12.67
2004-03-23,12.40,12.63,12.33,12.48,10529800,12.48
2004-03-22,12.52,12.61,12.11,12.29,13552900,12.29
2004-03-19,12.85,13.12,12.69,12.77,9153900,12.77
2004-03-18,12.88,13.12,12.81,12.98,7592500,12.98
2004-03-17,12.69,13.15,12.69,13.05,12640900,13.05
2004-03-16,12.90,13.01,12.45,12.69,10396100,12.69
2004-03-15,12.96,13.00,12.32,12.70,13471000,12.70
2004-03-12,13.37,13.46,13.11,13.19,11153100,13.19
2004-03-11,12.75,13.23,12.70,12.97,20068200,12.97
2004-03-10,13.29,13.50,12.90,12.97,16102800,12.97
2004-03-09,13.55,13.64,13.21,13.33,15732900,13.33
2004-03-08,13.95,14.07,13.62,13.66,9558200,13.66
2004-03-05,13.75,14.25,13.68,14.09,13002500,14.09
2004-03-04,13.98,14.01,13.79,13.87,12859100,13.87
2004-03-03,14.07,14.23,13.85,13.98,8412400,13.98
2004-03-02,14.20,14.30,14.03,14.15,14677400,14.15
2004-03-01,14.32,14.35,14.11,14.27,10442100,14.27
2004-02-27,14.30,14.44,14.16,14.32,16244200,14.32
2004-02-26,13.76,14.42,13.71,14.23,16777100,14.23
2004-02-25,13.78,13.90,13.62,13.80,10651600,13.80
2004-02-24,13.38,13.84,13.25,13.57,12692100,13.57
2004-02-23,14.04,14.08,13.45,13.56,13923300,13.56
2004-02-20,14.27,14.29,13.93,13.98,8455300,13.98
2004-02-19,14.46,14.58,14.17,14.27,16096900,14.27
2004-02-18,14.07,14.36,13.93,14.27,12983800,14.27
2004-02-17,14.05,14.10,13.88,13.90,7476700,13.90
2004-02-13,14.02,14.09,13.83,13.87,8820700,13.87
2004-02-12,14.11,14.19,13.86,13.98,8899000,13.98
2004-02-11,14.00,14.17,13.90,14.11,8549100,14.11
2004-02-10,13.82,14.10,13.82,13.99,9972300,13.99
2004-02-09,14.46,14.48,13.96,13.98,10251600,13.98
2004-02-06,13.98,14.30,13.86,14.26,13807100,14.26
2004-02-05,13.60,13.98,13.53,13.74,16052000,13.74
2004-02-04,13.76,13.77,13.45,13.50,20672300,13.50
2004-02-03,14.01,14.19,13.89,13.89,12258700,13.89
2004-02-02,14.07,14.26,13.75,14.03,14839500,14.03
2004-01-30,14.17,14.40,13.98,14.04,19199500,14.04
2004-01-29,14.65,14.76,14.05,14.45,15493000,14.45
2004-01-28,14.82,15.04,14.36,14.50,10569700,14.50
2004-01-27,15.05,15.18,14.78,14.79,11903900,14.79
2004-01-26,14.60,15.13,14.60,15.13,14864900,15.13
2004-01-23,14.98,15.05,14.45,14.67,14960900,14.67
2004-01-22,15.30,15.30,14.83,14.92,24784000,14.92
2004-01-21,15.10,15.26,14.85,15.10,18777900,15.10
2004-01-20,15.59,15.80,15.16,15.49,14320400,15.49
2004-01-16,15.40,15.64,15.21,15.59,16175000,15.59
2004-01-15,14.90,15.29,14.76,15.16,19687600,15.16
2004-01-14,14.63,15.11,14.50,15.01,20173600,15.01
2004-01-13,14.67,14.86,14.44,14.63,20124000,14.63
2004-01-12,14.11,14.45,14.01,14.40,14013000,14.40
2004-01-09,14.00,14.29,13.88,14.07,13178400,14.07
2004-01-08,14.20,14.35,14.00,14.20,11675600,14.20
2004-01-07,14.00,14.26,13.81,14.22,17202000,14.22
2004-01-06,13.50,14.00,13.46,13.91,15823200,13.91
2004-01-05,13.24,13.59,13.24,13.52,15103900,13.52
2004-01-02,13.24,13.28,13.04,13.22,13303000,13.22
2003-12-31,12.65,12.97,12.65,12.92,11427700,12.92
2003-12-30,12.68,12.88,12.68,12.74,9609500,12.74
2003-12-29,12.70,12.89,12.63,12.87,10087100,12.87
2003-12-26,12.80,12.82,12.68,12.73,3168300,12.73
2003-12-24,12.60,12.81,12.57,12.70,4043700,12.70
2003-12-23,12.70,12.82,12.60,12.69,11230400,12.69
2003-12-22,12.80,12.94,12.76,12.78,13593500,12.78
2003-12-19,13.20,13.20,12.68,13.00,40655600,13.00
2003-12-18,12.57,12.99,12.55,12.85,19898100,12.85
2003-12-17,12.43,12.51,12.27,12.47,13011400,12.47
2003-12-16,12.65,13.01,12.25,12.57,14775700,12.57
2003-12-15,13.26,13.26,12.75,12.84,14875300,12.84
2003-12-12,12.89,13.05,12.68,12.91,11425400,12.91
2003-12-11,12.47,12.87,12.41,12.80,11923800,12.80
2003-12-10,12.60,12.93,12.26,12.37,27666100,12.37
2003-12-09,13.07,13.08,12.11,12.26,24685600,12.26
2003-12-08,13.00,13.09,12.75,13.07,15657000,13.07
2003-12-05,13.14,13.36,13.08,13.11,12199500,13.11
2003-12-04,13.13,13.19,13.00,13.13,13353300,13.13
2003-12-03,13.73,13.87,13.10,13.18,13169400,13.18
2003-12-02,13.58,13.70,13.48,13.54,11364400,13.54
2003-12-01,13.75,14.00,13.52,13.70,10278800,13.70
2003-11-28,13.55,13.79,13.55,13.75,3948900,13.75
2003-11-26,13.69,13.76,13.30,13.61,8787900,13.61
2003-11-25,13.58,13.77,13.48,13.55,12128000,13.55
2003-11-24,13.12,13.50,13.12,13.50,10620900,13.50
2003-11-21,13.16,13.17,12.85,13.11,10171500,13.11
2003-11-20,13.09,13.33,12.91,12.94,10688100,12.94
2003-11-19,13.00,13.27,12.95,13.19,10447800,13.19
2003-11-18,13.45,13.54,13.01,13.02,10545500,13.02
2003-11-17,13.30,13.49,13.20,13.37,13118400,13.37
2003-11-14,14.08,14.24,13.58,13.74,11076400,13.74
2003-11-13,14.00,14.26,13.96,14.11,12424600,14.11
2003-11-12,13.39,14.04,13.37,14.04,13626900,14.04
2003-11-11,13.50,13.54,13.04,13.44,6511100,13.44
2003-11-10,13.40,13.80,13.40,13.56,8490400,13.56
2003-11-07,14.00,14.09,13.81,13.83,14182400,13.83
2003-11-06,13.79,13.94,13.44,13.86,12502000,13.86
2003-11-05,13.81,13.91,13.53,13.89,9405400,13.89
2003-11-04,13.75,13.97,13.75,13.93,13238600,13.93
2003-11-03,13.84,13.91,13.68,13.86,11476800,13.86
2003-10-31,13.74,13.94,13.74,13.84,12740500,13.84
2003-10-30,13.80,13.87,13.56,13.74,16375500,13.74
2003-10-29,13.44,13.65,13.35,13.58,14842000,13.58
2003-10-28,13.18,13.44,13.05,13.44,16730600,13.44
2003-10-27,13.30,13.34,13.02,13.07,10532200,13.07
2003-10-24,12.91,13.15,12.69,13.15,19995500,13.15
2003-10-23,13.20,13.31,13.07,13.18,13192900,13.18
2003-10-22,13.25,13.47,13.10,13.46,16648000,13.46
2003-10-21,13.00,13.62,12.95,13.50,25915800,13.50
2003-10-20,13.20,13.24,12.92,12.92,18227300,12.92
2003-10-17,13.49,13.49,13.03,13.15,18933400,13.15
2003-10-16,13.00,13.48,13.00,13.35,22422000,13.35
2003-10-15,13.51,13.53,12.70,12.80,30452200,12.80
2003-10-14,13.58,13.60,13.05,13.34,54296500,13.34
2003-10-13,14.60,14.66,14.30,14.45,11818600,14.45
2003-10-10,14.05,14.49,14.01,14.49,11430000,14.49
2003-10-09,14.29,14.35,13.95,14.00,10820200,14.00
2003-10-08,14.00,14.11,13.86,14.06,11460900,14.06
2003-10-07,13.51,13.96,13.38,13.96,13320400,13.96
2003-10-06,13.50,13.65,13.45,13.65,7214200,13.65
2003-10-03,13.36,13.51,13.28,13.41,14648300,13.41
2003-10-02,13.00,13.18,12.83,13.00,13669000,13.00
2003-10-01,12.63,13.00,12.60,13.00,15053000,13.00
2003-09-30,12.28,12.75,12.21,12.63,21666400,12.63
2003-09-29,12.68,12.85,12.50,12.68,10302800,12.68
2003-09-26,12.45,12.98,12.44,12.52,12703900,12.52
2003-09-25,12.75,12.90,12.43,12.43,13626900,12.43
2003-09-24,13.25,13.38,12.44,12.60,20318400,12.60
2003-09-23,13.31,13.55,13.25,13.40,7718200,13.40
2003-09-22,13.60,13.70,13.23,13.43,13887900,13.43
2003-09-19,13.84,13.91,13.62,13.90,9306300,13.90
2003-09-18,13.67,13.96,13.62,13.93,9117900,13.93
2003-09-17,13.60,13.90,13.57,13.77,9631700,13.77
2003-09-16,13.30,13.73,13.30,13.65,11750900,13.65
2003-09-15,13.45,13.65,13.22,13.29,9168500,13.29
2003-09-12,13.20,13.45,13.14,13.45,10471600,13.45
2003-09-11,13.10,13.38,13.01,13.34,11122600,13.34
2003-09-10,13.40,13.54,13.00,13.09,14841300,13.09
2003-09-09,13.62,13.97,13.47,13.60,15360500,13.60
2003-09-08,13.20,13.69,13.19,13.61,12176600,13.61
2003-09-05,13.22,13.39,13.03,13.03,13643200,13.03
2003-09-04,13.27,13.34,13.07,13.27,12023000,13.27
2003-09-03,13.23,13.50,13.21,13.26,14952300,13.26
2003-09-02,12.84,13.19,12.80,13.10,14303700,13.10
2003-08-29,12.56,12.78,12.47,12.75,10602100,12.75
2003-08-28,12.69,12.70,12.36,12.54,9189200,12.54
2003-08-27,12.20,12.65,12.16,12.61,10725100,12.61
2003-08-26,12.11,12.34,11.93,12.23,10210600,12.23
2003-08-25,12.07,12.33,11.95,12.28,8122900,12.28
2003-08-22,12.80,12.85,12.06,12.12,17000400,12.12
2003-08-21,12.34,12.69,12.31,12.38,17373900,12.38
2003-08-20,11.80,12.45,11.45,12.18,25378100,12.18
2003-08-19,11.50,11.62,11.30,11.62,8998500,11.62
2003-08-18,11.30,11.49,11.28,11.46,10662400,11.46
2003-08-15,11.24,11.43,11.06,11.23,8356600,11.23
2003-08-14,11.23,11.24,11.07,11.11,13656300,11.11
2003-08-13,11.44,11.50,11.22,11.25,19033800,11.25
2003-08-12,11.29,11.40,11.12,11.35,13800800,11.35
2003-08-11,11.25,11.50,11.10,11.25,21862100,11.25
2003-08-08,11.21,11.36,11.19,11.25,13229000,11.25
2003-08-07,11.15,11.38,10.85,11.10,23051400,11.10
2003-08-06,10.53,11.16,10.50,10.85,25860200,10.85
2003-08-05,10.69,10.76,10.50,10.53,9869800,10.53
2003-08-04,10.80,10.81,10.35,10.81,12174600,10.81
2003-08-01,10.54,10.76,10.41,10.70,12823700,10.70
2003-07-31,10.27,10.74,10.27,10.64,21464000,10.64
2003-07-30,10.26,10.29,10.00,10.05,9109300,10.05
2003-07-29,9.86,10.17,9.71,10.15,11443600,10.15
2003-07-28,9.95,9.99,9.82,9.91,6959800,9.91
2003-07-25,9.85,10.00,9.61,10.00,10249500,10.00
2003-07-24,10.20,10.26,9.76,9.87,9767400,9.87
2003-07-23,10.05,10.10,9.85,10.09,8913300,10.09
2003-07-22,10.09,10.16,9.85,9.99,12771600,9.99
2003-07-21,9.94,10.07,9.76,10.05,11114200,10.05
2003-07-18,10.09,10.09,9.66,10.00,13109500,10.00
2003-07-17,9.91,10.05,9.65,9.80,26931800,9.80
2003-07-16,10.98,11.00,9.99,10.17,43657900,10.17
2003-07-15,11.30,11.30,10.98,11.07,13418100,11.07
2003-07-14,11.08,11.26,11.07,11.16,15467900,11.16
2003-07-11,10.88,10.98,10.80,10.88,13142500,10.88
2003-07-10,10.96,11.04,10.86,10.93,13811000,10.93
2003-07-09,11.29,11.30,10.91,11.06,27416700,11.06
2003-07-08,11.40,11.51,11.18,11.24,43921600,11.24
2003-07-07,11.00,11.76,10.97,11.74,22899700,11.74
2003-07-03,10.85,11.00,10.64,10.92,7841400,10.92
2003-07-02,10.75,10.99,10.62,10.89,17402200,10.89
2003-07-01,10.18,10.57,10.06,10.56,11832300,10.56
2003-06-30,10.50,10.55,10.26,10.47,12997300,10.47
2003-06-27,10.28,10.48,10.23,10.30,10991300,10.30
2003-06-26,9.93,10.27,9.88,10.24,11748200,10.24
2003-06-25,9.89,10.17,9.86,9.93,10058700,9.93
2003-06-24,9.65,9.97,9.60,9.89,11748900,9.89
2003-06-23,10.09,10.25,9.76,10.07,11600000,10.07
2003-06-20,10.35,10.36,10.17,10.23,13957400,10.23
2003-06-19,10.33,10.50,10.17,10.19,8345600,10.19
2003-06-18,10.21,10.35,10.11,10.32,13337900,10.32
2003-06-17,10.60,10.60,10.25,10.33,15036400,10.33
2003-06-16,10.27,11.00,10.22,10.51,12610200,10.51
2003-06-13,10.70,10.78,10.35,10.42,9208300,10.42
2003-06-12,10.45,10.88,10.26,10.64,13299500,10.64
2003-06-11,10.37,10.48,10.25,10.44,12335500,10.44
2003-06-10,10.62,10.80,10.35,10.46,14146300,10.46
2003-06-09,10.91,11.06,10.40,10.62,10043300,10.62
2003-06-06,11.14,11.45,10.86,11.00,19073600,11.00
2003-06-05,10.80,11.04,10.55,10.99,12006500,10.99
2003-06-04,10.90,11.01,10.70,10.80,13599000,10.80
2003-06-03,10.43,10.90,10.26,10.87,13322800,10.87
2003-06-02,11.00,11.08,10.24,10.43,17770700,10.43
2003-05-30,10.40,10.84,10.31,10.82,20411000,10.82
2003-05-29,10.03,10.44,10.02,10.15,12980200,10.15
2003-05-28,10.00,10.22,9.95,9.96,13418300,9.96
2003-05-27,9.55,9.99,9.50,9.95,13349200,9.95
2003-05-23,9.53,9.70,9.49,9.60,8966500,9.60
2003-05-22,9.30,9.51,9.21,9.49,10840800,9.49
2003-05-21,9.27,9.27,9.00,9.24,11685200,9.24
2003-05-20,9.45,10.20,9.11,9.23,12946000,9.23
2003-05-19,9.67,9.85,9.19,9.30,12688400,9.30
2003-05-16,9.97,10.00,9.70,10.00,13485300,10.00
2003-05-15,10.05,10.19,9.81,9.94,15400600,9.94
2003-05-14,10.25,10.40,10.00,10.00,17252700,10.00
2003-05-13,9.70,10.14,9.70,10.10,16813100,10.10
2003-05-12,9.59,9.97,9.53,9.94,12134500,9.94
2003-05-09,9.55,9.65,9.45,9.49,10968400,9.49
2003-05-08,9.35,9.55,9.28,9.42,11577100,9.42
2003-05-07,9.81,9.82,9.50,9.51,15914700,9.51
2003-05-06,9.75,10.04,9.71,9.71,19004300,9.71
2003-05-05,9.60,9.93,9.55,9.71,12973000,9.71
2003-05-02,9.39,9.59,9.30,9.48,12830900,9.48
2003-05-01,9.00,9.35,8.90,9.30,11881900,9.30
2003-04-30,9.34,9.35,9.00,9.09,20095600,9.09
2003-04-29,9.11,9.61,9.10,9.46,15478900,9.46
2003-04-28,8.73,9.27,8.68,9.04,11881700,9.04
2003-04-25,9.00,9.14,8.78,8.79,17014400,8.79
2003-04-24,9.22,9.33,9.03,9.25,12679800,9.25
2003-04-23,9.09,9.50,9.09,9.32,20209100,9.32
2003-04-22,8.90,9.44,8.83,9.04,26854700,9.04
2003-04-21,8.49,8.92,8.45,8.90,13172400,8.90
2003-04-17,8.18,8.55,8.16,8.50,16204100,8.50
2003-04-16,8.10,8.45,8.07,8.39,26229100,8.39
2003-04-15,7.65,7.86,7.65,7.77,10079600,7.77
2003-04-14,7.72,7.85,7.25,7.81,6666300,7.81
2003-04-11,7.90,7.90,7.72,7.72,11875200,7.72
2003-04-10,7.76,7.76,7.62,7.64,7335800,7.64
2003-04-09,7.80,7.91,7.67,7.76,10772700,7.76
2003-04-08,7.88,8.08,7.60,7.72,16376600,7.72
2003-04-07,8.06,8.10,7.81,7.89,13616100,7.89
2003-04-04,7.89,7.89,7.56,7.80,13307600,7.80
2003-04-03,7.74,8.01,7.62,7.85,14763500,7.85
2003-04-02,7.65,7.81,7.63,7.69,18001200,7.69
2003-04-01,7.23,7.50,7.19,7.39,15337600,7.39
2003-03-31,6.75,7.23,6.75,7.23,17915400,7.23
2003-03-28,7.00,7.28,7.00,7.11,10888900,7.11
2003-03-27,6.94,7.23,6.82,7.16,14520200,7.16
2003-03-26,7.08,7.15,7.00,7.04,9927000,7.04
2003-03-25,7.00,7.20,6.97,7.06,24274700,7.06
2003-03-24,7.16,7.20,6.99,7.01,19000600,7.01
2003-03-21,7.83,7.83,7.22,7.41,26379200,7.41
2003-03-20,7.70,7.90,7.61,7.81,11047600,7.81
2003-03-19,7.75,7.91,7.61,7.70,13151700,7.70
2003-03-18,7.88,7.90,7.63,7.73,11618000,7.73
2003-03-17,7.20,7.77,7.16,7.71,17097600,7.71
2003-03-14,7.40,7.55,7.26,7.34,13300800,7.34
2003-03-13,7.17,7.45,7.10,7.30,18320700,7.30
2003-03-12,6.88,6.94,6.54,6.93,16538900,6.93
2003-03-11,7.06,7.06,6.73,6.89,20959400,6.89
2003-03-10,7.16,7.27,6.95,6.96,15774000,6.96
2003-03-07,7.13,7.48,7.12,7.38,12616800,7.38
2003-03-06,7.23,7.41,7.19,7.36,10480400,7.36
2003-03-05,7.10,7.35,7.03,7.29,11270600,7.29
2003-03-04,7.25,7.30,7.10,7.10,12570700,7.10
2003-03-03,7.53,7.62,7.30,7.40,13493300,7.40
2003-02-28,7.20,7.39,7.00,7.39,19661800,7.39
2003-02-27,7.37,7.52,7.09,7.14,27128400,7.14
2003-02-26,7.69,7.88,7.50,7.51,11109300,7.51
2003-02-25,7.55,8.01,7.44,7.68,19677100,7.68
2003-02-24,7.87,8.05,7.75,7.82,13739500,7.82
2003-02-21,8.25,8.25,7.01,8.04,17058600,8.04
2003-02-20,8.30,8.34,8.13,8.25,17100500,8.25
2003-02-19,8.40,8.44,8.15,8.18,17150700,8.18
2003-02-18,8.12,8.59,8.04,8.50,21714000,8.50
2003-02-14,7.99,8.10,7.83,7.91,20702200,7.91
2003-02-13,7.65,7.96,7.60,7.86,14588200,7.86
2003-02-12,7.75,7.89,7.57,7.57,10379500,7.57
2003-02-11,8.03,8.15,7.76,7.76,18897100,7.76
2003-02-10,7.40,7.97,7.36,7.95,18988500,7.95
2003-02-07,7.62,7.73,7.41,7.43,14212100,7.43
2003-02-06,7.70,7.73,7.49,7.62,9809000,7.62
2003-02-05,7.87,7.89,7.50,7.76,15009200,7.76
2003-02-04,7.65,7.94,7.47,7.79,19967100,7.79
2003-02-03,7.76,7.80,7.43,7.66,15325900,7.66
2003-01-31,7.31,7.70,7.30,7.70,15793400,7.70
2003-01-30,7.79,7.88,7.41,7.52,10812900,7.52
2003-01-29,7.60,7.78,7.48,7.78,16870100,7.78
2003-01-28,7.25,7.82,7.17,7.72,19854100,7.72
2003-01-27,6.83,7.18,6.83,7.06,11132900,7.06
2003-01-24,7.65,7.65,7.12,7.14,16657400,7.14
2003-01-23,7.10,7.64,7.07,7.55,24397100,7.55
2003-01-22,6.86,7.00,6.84,6.98,15540200,6.98
2003-01-21,6.90,7.08,6.75,6.86,13721600,6.86
2003-01-17,6.97,7.07,6.79,6.90,23070000,6.90
2003-01-16,7.48,7.53,7.24,7.36,17122500,7.36
2003-01-15,7.88,7.92,7.50,7.57,17974800,7.57
2003-01-14,7.69,7.88,7.63,7.80,26453500,7.80
2003-01-13,8.23,8.28,7.66,7.70,26934700,7.70
2003-01-10,7.78,8.03,7.58,7.89,19903000,7.89
2003-01-09,7.62,8.00,7.60,7.82,26102300,7.82
2003-01-08,7.40,7.65,7.25,7.45,18588700,7.45
2003-01-07,7.40,7.57,7.24,7.47,37540900,7.47
2003-01-06,6.60,6.94,6.60,6.80,17923800,6.80
2003-01-03,6.26,6.46,6.20,6.39,13970700,6.39
2003-01-02,6.17,6.55,5.98,6.35,17060100,6.35
2002-12-31,5.89,6.15,5.85,6.14,12959600,6.14
2002-12-30,6.01,6.07,5.84,6.07,11969500,6.07
2002-12-27,6.02,6.11,6.00,6.01,6838400,6.01
2002-12-26,6.05,6.25,6.05,6.25,7292300,6.25
2002-12-24,6.05,6.21,6.00,6.00,4204400,6.00
2002-12-23,6.03,6.28,5.98,6.21,9504900,6.21
2002-12-20,5.92,6.18,5.83,6.15,19156400,6.15
2002-12-19,5.87,6.86,5.74,5.77,15123500,5.77
2002-12-18,6.30,6.43,5.99,6.00,16588100,6.00
2002-12-17,6.25,6.73,6.25,6.53,15000500,6.53
2002-12-16,6.25,6.40,6.18,6.40,11804700,6.40
2002-12-13,6.32,6.45,6.18,6.25,9485500,6.25
2002-12-12,6.38,6.68,6.36,6.67,11349400,6.67
2002-12-11,6.16,6.46,6.12,6.36,8733300,6.36
2002-12-10,6.30,6.47,6.12,6.30,13054600,6.30
2002-12-09,6.36,6.49,6.30,6.33,10745400,6.33
2002-12-06,6.40,6.68,6.35,6.67,10149800,6.67
2002-12-05,6.70,6.74,6.41,6.63,13681600,6.63
2002-12-04,6.20,6.72,6.00,6.50,16024100,6.50
2002-12-03,6.82,7.02,6.30,6.50,20743000,6.50
2002-12-02,7.64,7.70,6.94,7.25,22197800,7.25
2002-11-29,7.51,7.69,7.16,7.33,8179900,7.33
2002-11-27,6.89,7.50,6.89,7.50,20469800,7.50
2002-11-26,6.95,7.08,6.80,6.89,17195600,6.89
2002-11-25,6.55,7.01,6.51,6.99,17615000,6.99
2002-11-22,6.60,6.79,6.40,6.40,16489900,6.40
2002-11-21,6.65,7.00,6.45,6.85,27998100,6.85
2002-11-20,6.25,6.40,6.10,6.34,14479800,6.34
2002-11-19,6.30,6.47,6.02,6.10,17184900,6.10
2002-11-18,6.34,6.84,6.34,6.74,19836500,6.74
2002-11-15,6.25,6.50,6.11,6.33,18173400,6.33
2002-11-14,6.01,6.58,6.00,6.53,25606500,6.53
2002-11-13,5.50,5.92,5.50,5.76,15677800,5.76
2002-11-12,5.30,5.70,5.25,5.55,12287000,5.55
2002-11-11,5.30,5.50,5.14,5.17,8214200,5.17
2002-11-08,5.75,5.90,5.23,5.45,13355200,5.45
2002-11-07,6.00,6.08,5.73,5.76,10524900,5.76
2002-11-06,5.96,6.28,5.86,6.16,17994100,6.16
2002-11-05,5.55,5.91,5.53,5.84,9957400,5.84
2002-11-04,5.78,5.95,5.55,5.95,17826200,5.95
2002-11-01,5.17,5.69,5.05,5.44,15295100,5.44
2002-10-31,5.33,5.34,5.08,5.11,11580200,5.11
2002-10-30,5.14,5.40,5.00,5.23,13203700,5.23
2002-10-29,5.05,5.18,4.78,5.05,10110700,5.05
2002-10-28,5.62,5.70,4.92,5.00,17628300,5.00
2002-10-25,4.91,5.48,4.91,5.42,13343500,5.42
2002-10-24,5.47,5.48,4.90,5.05,13050900,5.05
2002-10-23,4.84,5.30,4.76,5.11,15740200,5.11
2002-10-22,4.40,4.85,4.36,4.80,10815800,4.80
2002-10-21,4.11,4.63,4.00,4.63,18072300,4.63
2002-10-18,4.51,4.51,4.20,4.41,16398600,4.41
2002-10-17,4.90,5.17,4.50,4.60,20619700,4.60
2002-10-16,4.95,4.99,4.72,4.76,10220000,4.76
2002-10-15,4.80,5.14,4.75,5.11,17187300,5.11
2002-10-14,4.42,4.53,4.34,4.47,6753600,4.47
2002-10-11,4.49,4.71,4.32,4.61,15286600,4.61
2002-10-10,4.00,4.26,3.95,4.16,16638200,4.16
2002-10-09,3.82,4.14,3.80,4.13,17514500,4.13
2002-10-08,4.00,4.13,3.71,4.00,20959000,4.00
2002-10-07,3.83,4.15,3.80,4.15,25394400,4.15
2002-10-04,4.43,4.47,3.67,3.83,69660300,3.83
2002-10-03,4.78,5.09,4.75,5.01,20237600,5.01
2002-10-02,4.88,5.09,4.70,4.88,16626800,4.88
2002-10-01,4.75,5.07,4.65,4.88,22544900,4.88
2002-09-30,4.61,4.75,4.45,4.57,27136800,4.57
2002-09-27,5.20,5.37,5.00,5.00,16237200,5.00
2002-09-26,5.96,6.06,4.99,5.25,23858600,5.25
2002-09-25,5.72,6.09,5.72,6.01,10626400,6.01
2002-09-24,5.52,5.95,5.50,5.71,10954300,5.71
2002-09-23,5.50,5.79,5.45,5.79,13603400,5.79
2002-09-20,5.64,5.80,5.51,5.80,21169400,5.80
2002-09-19,5.20,5.57,5.17,5.36,20077100,5.36
2002-09-18,5.68,5.84,5.30,5.40,22232900,5.40
2002-09-17,6.00,6.20,5.78,5.86,12837100,5.86
2002-09-16,6.30,6.36,5.98,6.00,13643600,6.00
2002-09-13,6.70,6.70,6.42,6.48,8212600,6.48
2002-09-12,6.84,6.90,6.66,6.74,12940800,6.74
2002-09-11,6.55,6.88,6.55,6.80,10697300,6.80
2002-09-10,6.39,6.71,6.39,6.52,17262400,6.52
2002-09-09,6.25,6.44,5.96,6.39,23923500,6.39
2002-09-06,7.00,7.10,6.40,6.41,18016000,6.41
2002-09-05,6.62,7.04,6.59,6.89,13685100,6.89
2002-09-04,6.45,6.88,6.40,6.87,11156200,6.87
2002-09-03,6.60,6.97,6.34,6.36,10323600,6.36
2002-08-30,6.98,7.00,6.75,6.76,8201900,6.76
2002-08-29,6.76,7.13,6.75,7.02,12349500,7.02
2002-08-28,7.44,7.50,7.01,7.02,12373900,7.02
2002-08-27,8.00,8.01,7.55,7.78,7579300,7.78
2002-08-26,7.65,7.98,7.62,7.95,8125800,7.95
2002-08-23,8.25,8.25,7.64,7.75,9830100,7.75
2002-08-22,7.92,8.50,7.90,8.50,12210900,8.50
2002-08-21,7.74,8.02,7.50,8.02,11593100,8.02
2002-08-20,7.28,7.81,7.22,7.60,11586700,7.60
2002-08-19,7.17,7.35,7.11,7.32,9176500,7.32
2002-08-16,7.01,7.39,7.01,7.19,8294200,7.19
2002-08-15,7.01,7.30,6.91,7.29,12510800,7.29
2002-08-14,6.60,7.20,6.56,7.19,10219900,7.19
2002-08-13,6.61,6.89,6.45,6.62,8638000,6.62
2002-08-12,6.66,6.90,6.61,6.82,7567900,6.82
2002-08-09,7.18,7.19,6.81,6.94,10913500,6.94
2002-08-08,6.75,7.23,6.72,7.18,9237400,7.18
2002-08-07,7.00,7.13,6.25,6.95,10270800,6.95
2002-08-06,6.50,6.95,6.50,6.71,10991800,6.71
2002-08-05,6.70,6.83,6.30,6.30,10045500,6.30
2002-08-02,7.00,7.10,6.49,6.57,15631000,6.57
2002-08-01,7.20,7.35,7.06,7.30,10843500,7.30
2002-07-31,7.85,7.85,7.23,7.50,12833600,7.50
2002-07-30,7.26,8.00,7.25,7.90,12864100,7.90
2002-07-29,7.08,7.65,7.03,7.65,13756400,7.65
2002-07-26,7.10,7.20,6.70,6.83,14044000,6.83
2002-07-25,7.20,7.50,6.85,6.96,15572500,6.96
2002-07-24,6.95,7.70,6.75,7.70,19301300,7.70
2002-07-23,7.02,7.42,6.97,7.08,17692300,7.08
2002-07-22,7.80,8.09,6.90,7.14,24591200,7.14
2002-07-19,7.94,8.30,7.90,8.10,15653600,8.10
2002-07-18,8.00,8.61,7.80,8.40,20903600,8.40
2002-07-17,9.30,9.41,8.30,8.63,19958100,8.63
2002-07-16,9.00,9.41,8.85,9.00,20739100,9.00
2002-07-15,8.54,9.19,8.25,9.10,21217600,9.10
2002-07-12,8.33,8.70,8.20,8.55,23452400,8.55
2002-07-11,7.66,8.15,7.58,8.15,25908700,8.15
2002-07-10,7.76,7.89,7.60,7.80,16464500,7.80
2002-07-09,7.28,7.80,7.28,7.67,14582200,7.67
2002-07-08,7.46,7.89,7.36,7.42,9189200,7.42
2002-07-05,7.40,7.84,7.39,7.52,10359200,7.52
2002-07-03,6.70,7.40,6.70,7.38,13910100,7.38
2002-07-02,6.95,7.01,6.70,6.81,13415100,6.81
2002-07-01,7.45,7.59,6.96,7.08,11631200,7.08
2002-06-28,7.21,7.60,7.19,7.55,24428400,7.55
2002-06-27,6.98,7.25,6.70,7.22,17106700,7.22
2002-06-26,5.90,6.80,5.85,6.79,14765100,6.79
2002-06-25,6.86,7.00,6.35,6.50,13697800,6.50
2002-06-24,6.10,6.80,6.09,6.75,15174600,6.75
2002-06-21,6.05,6.61,6.05,6.28,21728300,6.28
2002-06-20,6.84,6.89,6.39,6.42,12887600,6.42
2002-06-19,7.00,7.14,6.77,6.85,9297600,6.85
2002-06-18,7.05,7.25,7.01,7.09,7707900,7.09
2002-06-17,7.03,7.28,7.00,7.16,8928800,7.16
2002-06-14,6.75,7.02,6.67,6.96,12338700,6.96
2002-06-13,6.78,7.08,6.76,6.99,12551400,6.99
2002-06-12,6.90,7.02,6.52,6.90,19531500,6.90
2002-06-11,7.12,7.60,6.93,6.98,13249900,6.98
2002-06-10,7.25,7.49,7.15,7.22,12587700,7.22
2002-06-07,6.80,7.35,6.80,7.33,15621300,7.33
2002-06-06,7.25,7.54,7.09,7.28,22014100,7.28
2002-06-05,7.20,7.20,6.88,7.18,10890700,7.18
2002-06-04,6.95,7.16,6.82,7.15,22334300,7.15
2002-06-03,7.11,7.15,6.77,6.81,17784800,6.81
2002-05-31,7.21,7.58,7.07,7.25,18711800,7.25
2002-05-30,7.50,7.56,7.24,7.41,15941100,7.41
2002-05-29,7.57,7.72,7.52,7.56,10123700,7.56
2002-05-28,7.61,7.72,7.52,7.72,10989200,7.72
2002-05-24,7.81,7.82,7.61,7.66,7992100,7.66
2002-05-23,7.90,7.99,7.73,7.97,14891600,7.97
2002-05-22,7.51,8.00,7.48,8.00,13146300,8.00
2002-05-21,7.86,7.94,7.55,7.68,17342100,7.68
2002-05-20,8.00,8.00,7.70,7.80,14439600,7.80
2002-05-17,8.10,8.21,7.96,8.14,16680500,8.14
2002-05-16,7.90,8.07,7.83,7.89,11061800,7.89
2002-05-15,7.86,8.20,7.71,8.00,20979900,8.00
2002-05-14,7.99,8.22,7.75,8.12,29181500,8.12
2002-05-13,7.49,7.70,7.41,7.48,20220500,7.48
2002-05-10,7.98,7.99,7.43,7.45,16257100,7.45
2002-05-09,8.22,8.35,7.84,7.87,17730000,7.87
2002-05-08,8.13,8.50,8.11,8.30,29463400,8.30
2002-05-07,7.74,8.00,7.35,7.69,27950100,7.69
2002-05-06,7.90,8.07,7.62,7.70,19163200,7.70
2002-05-03,8.15,8.23,7.90,8.01,30138500,8.01
2002-05-02,8.87,8.98,8.27,8.35,24019500,8.35
2002-05-01,9.00,9.20,8.35,9.20,26611500,9.20
2002-04-30,8.82,9.25,8.80,9.14,18536700,9.14
2002-04-29,9.15,9.38,8.99,9.12,18108900,9.12
2002-04-26,9.68,9.84,9.13,9.13,20009900,9.13
2002-04-25,9.40,9.85,9.39,9.60,20552200,9.60
2002-04-24,9.80,9.99,9.35,9.51,19598400,9.51
2002-04-23,10.00,10.35,9.79,9.79,15896300,9.79
2002-04-22,10.35,10.47,10.04,10.05,11992500,10.05
2002-04-19,10.96,11.26,10.60,10.79,17144800,10.79
2002-04-18,11.10,11.31,10.61,11.00,25644600,11.00
2002-04-17,10.71,10.85,10.30,10.40,22918200,10.40
2002-04-16,10.10,10.98,10.05,10.92,21760700,10.92
2002-04-15,10.03,10.18,9.81,9.82,12194900,9.82
2002-04-12,9.99,10.14,9.76,10.14,13573400,10.14
2002-04-11,10.00,10.15,9.70,9.74,19013000,9.74
2002-04-10,10.36,10.59,9.66,10.18,28366700,10.18
2002-04-09,10.72,11.15,10.31,10.36,14129100,10.36
2002-04-08,10.70,11.00,10.00,10.80,24106900,10.80
2002-04-05,11.50,11.55,10.99,11.12,18161500,11.12
2002-04-04,11.50,12.00,11.45,11.71,22331200,11.71
2002-04-03,11.82,12.00,11.27,11.45,14299000,11.45
2002-04-02,11.78,11.90,11.60,11.82,19940900,11.82
2002-04-01,11.57,12.26,11.45,12.20,24642100,12.20
2002-03-28,11.39,11.99,11.29,11.92,25007000,11.92
2002-03-27,11.05,11.18,10.86,11.14,19325200,11.14
2002-03-26,11.06,11.38,10.60,10.70,18902600,10.70
2002-03-25,11.53,11.70,11.03,11.04,15976800,11.04
2002-03-22,11.24,11.97,11.12,11.60,28737800,11.60
2002-03-21,10.95,11.30,10.72,11.24,19599100,11.24
2002-03-20,10.60,11.08,10.59,10.68,22849600,10.68
2002-03-19,11.06,11.24,10.70,10.85,24645000,10.85
2002-03-18,11.44,11.68,11.00,11.16,16429700,11.16
2002-03-15,11.80,11.99,11.25,11.44,17156300,11.44
2002-03-14,12.17,12.39,11.59,11.71,20028900,11.71
2002-03-13,11.95,12.75,11.79,12.07,28603900,12.07
2002-03-12,11.43,12.25,11.23,12.05,37491200,12.05
2002-03-11,11.39,11.81,11.06,11.75,36832200,11.75
2002-03-08,11.45,11.60,11.14,11.31,31337200,11.31
2002-03-07,11.55,11.85,10.90,11.02,32624600,11.02
2002-03-06,11.00,11.65,10.77,11.30,28070800,11.30
2002-03-05,11.80,11.99,11.53,11.55,19462600,11.55
2002-03-04,11.50,12.11,10.90,12.05,24114800,12.05
2002-03-01,11.10,11.50,11.07,11.42,18969400,11.42
2002-02-28,11.15,11.25,10.79,10.92,27329800,10.92
2002-02-27,12.45,12.45,11.13,11.35,31956600,11.35
2002-02-26,12.29,12.60,11.90,11.96,23274500,11.96
2002-02-25,11.55,12.30,11.29,11.96,24200400,11.96
2002-02-22,11.96,12.07,11.00,11.10,32584800,11.10
2002-02-21,12.85,12.99,11.80,11.96,22232900,11.96
2002-02-20,13.26,13.45,12.37,13.20,19360400,13.20
2002-02-19,13.00,13.47,12.84,13.25,15470300,13.25
2002-02-15,13.80,13.92,13.02,13.19,18047700,13.19
2002-02-14,14.83,14.85,13.79,13.90,17065100,13.90
2002-02-13,14.10,14.58,14.00,14.49,16925200,14.49
2002-02-12,14.75,14.75,14.00,14.00,21338000,14.00
2002-02-11,14.45,15.04,14.36,15.04,16266900,15.04
2002-02-08,13.87,14.48,13.70,14.37,15148800,14.37
2002-02-07,14.50,14.56,13.75,13.76,17464300,13.76
2002-02-06,14.88,15.08,13.96,14.50,18785900,14.50
2002-02-05,14.52,15.47,14.40,14.88,14467300,14.88
2002-02-04,15.52,15.95,14.61,14.83,16714200,14.83
2002-01-31,16.50,16.71,16.16,16.40,10114400,16.40
2002-01-30,16.05,16.50,15.55,16.50,15338900,16.50
2002-01-29,17.06,17.14,15.80,16.00,19369900,16.00
2002-01-28,17.00,17.21,16.61,17.10,15396800,17.10
2002-01-25,16.45,16.90,16.34,16.90,16487200,16.90
2002-01-24,15.71,17.21,15.71,16.83,43638700,16.83
2002-01-23,14.80,14.99,14.50,14.56,19196200,14.56
2002-01-22,15.70,15.70,14.61,14.63,15070800,14.63
2002-01-18,15.60,15.66,15.27,15.50,14002200,15.50
2002-01-17,16.00,16.10,15.71,16.08,14897300,16.08
2002-01-16,15.55,16.23,15.40,15.60,20961000,15.60
2002-01-15,16.20,16.29,15.55,15.98,20644900,15.98
2002-01-14,16.80,16.83,16.03,16.09,16617800,16.09
2002-01-11,17.45,17.58,17.00,17.19,15791500,17.19
2002-01-10,17.20,17.36,16.66,17.09,18018800,17.09
2002-01-09,17.45,17.97,17.10,17.37,27969700,17.37
2002-01-08,16.85,17.19,16.60,16.98,15578900,16.98
2002-01-07,17.15,17.28,16.32,16.60,16269700,16.60
2002-01-04,17.21,17.50,16.64,16.85,32472200,16.85
2002-01-03,15.58,16.90,15.57,16.59,51011500,16.59
2002-01-02,13.78,14.80,13.63,14.80,25360900,14.80
2001-12-31,13.33,13.80,13.32,13.44,18163000,13.44
2001-12-28,13.62,13.97,13.45,13.55,17654400,13.55
2001-12-27,13.48,13.66,13.36,13.62,13887300,13.62
2001-12-26,13.52,13.71,13.22,13.32,16709100,13.32
2001-12-24,13.60,13.80,13.30,13.32,8293200,13.32
2001-12-21,13.77,14.24,13.60,13.80,23664700,13.80
2001-12-20,14.20,14.49,13.56,13.76,31514400,13.76
2001-12-19,14.25,15.10,14.07,14.68,25550400,14.68
2001-12-18,14.75,15.28,14.54,14.65,17549500,14.65
2001-12-17,14.95,15.50,14.62,14.75,17621300,14.75
2001-12-14,14.90,15.20,14.60,15.04,15568500,15.04
2001-12-13,15.75,15.76,15.01,15.06,19596700,15.06
2001-12-12,16.42,16.80,15.80,16.30,18124900,16.30
2001-12-11,17.00,17.07,16.00,16.20,19458100,16.20
2001-12-10,17.00,17.40,16.72,16.87,12964800,16.87
2001-12-07,17.35,17.65,17.00,17.17,21721000,17.17
2001-12-06,17.90,18.18,17.55,17.98,20597700,17.98
2001-12-05,17.60,18.25,17.45,17.95,28682500,17.95
2001-12-04,16.60,17.20,16.41,17.20,16365400,17.20
2001-12-03,16.35,16.56,15.98,16.16,13879600,16.16
2001-11-30,17.15,17.24,16.52,16.79,14043900,16.79
2001-11-29,16.90,17.23,16.80,17.10,15857200,17.10
2001-11-28,17.35,17.90,16.60,16.69,24725800,16.69
2001-11-27,16.80,18.50,16.50,17.85,38210700,17.85
2001-11-26,16.10,16.91,16.06,16.85,19553100,16.85
2001-11-23,15.70,16.03,15.47,15.90,4859900,15.90
2001-11-21,15.75,15.91,15.09,15.60,16882600,15.60
2001-11-20,16.40,16.60,16.05,16.11,18634900,16.11
2001-11-19,16.45,17.00,16.40,16.86,22078000,16.86
2001-11-16,16.15,16.76,15.88,16.33,24602000,16.33
2001-11-15,15.36,16.15,15.29,16.15,21117600,16.15
2001-11-14,16.10,16.16,15.20,15.55,22707600,15.55
2001-11-13,16.03,16.22,15.72,15.95,21991700,15.95
2001-11-12,15.16,15.55,14.82,15.37,19136700,15.37
2001-11-09,14.99,15.85,14.82,15.51,21012800,15.51
2001-11-08,15.05,15.94,14.86,15.00,30651400,15.00
2001-11-07,14.80,15.59,14.78,15.02,27239100,15.02
2001-11-06,14.40,15.30,14.17,15.30,30140500,15.30
2001-11-05,13.71,14.78,13.70,14.50,38206700,14.50
2001-11-02,13.04,13.15,12.51,13.09,18908400,13.09
2001-11-01,12.52,13.19,12.20,13.03,23215700,13.03
2001-10-31,12.35,12.99,12.25,12.32,23732400,12.32
2001-10-30,12.52,12.76,12.00,12.01,25918600,12.01
2001-10-29,13.70,14.12,12.90,12.95,27798400,12.95
2001-10-26,13.20,13.75,13.10,13.41,25329700,13.41
2001-10-25,12.05,13.70,11.82,13.22,28921800,13.22
2001-10-24,12.00,12.65,11.95,12.48,16562600,12.48
2001-10-23,12.40,12.60,12.10,12.15,19932200,12.15
2001-10-22,12.00,12.21,11.73,12.19,24012300,12.19
2001-10-19,11.03,11.65,10.93,11.51,20228300,11.51
2001-10-18,11.05,11.40,11.02,11.24,25625600,11.24
2001-10-17,13.00,13.20,11.15,11.21,56838900,11.21
2001-10-16,13.19,13.61,13.08,13.45,17883300,13.45
2001-10-15,12.60,13.27,12.50,13.10,22961000,13.10
2001-10-12,12.90,13.20,12.36,12.81,33688100,12.81
2001-10-11,13.00,13.75,12.95,13.34,38903700,13.34
2001-10-10,12.55,12.90,11.87,12.26,31537600,12.26
2001-10-09,13.47,13.48,12.62,12.75,16172900,12.75
2001-10-08,12.80,13.89,12.78,13.35,17327700,13.35
2001-10-05,12.20,13.44,11.80,13.15,29052400,13.15
2001-10-04,12.20,13.43,12.00,12.50,35472500,12.50
2001-10-03,10.77,12.90,10.65,11.91,46783000,11.91
2001-10-02,10.92,11.20,10.76,11.00,17995600,11.00
2001-10-01,11.50,11.57,10.88,11.10,20348700,11.10
2001-09-28,12.14,12.15,11.40,11.75,22835800,11.75
2001-09-27,12.70,12.85,11.73,11.89,25308700,11.89
2001-09-26,13.25,13.30,12.40,12.72,21656900,12.72
2001-09-25,13.15,13.50,12.81,13.00,29847900,13.00
2001-09-24,11.75,13.27,11.75,12.85,33448800,12.85
2001-09-21,10.30,11.73,10.01,11.15,49193300,11.15
2001-09-20,12.13,13.18,12.01,12.62,27855900,12.62
2001-09-19,13.30,13.49,12.00,12.60,43414300,12.60
2001-09-18,14.70,14.78,12.75,12.90,33876200,12.90
2001-09-17,12.95,15.30,12.90,13.75,46657900,13.75
2001-09-10,13.00,14.21,12.60,13.95,26954900,13.95
2001-09-07,13.75,14.26,13.18,13.35,21244200,13.35
2001-09-06,14.12,14.45,13.86,13.88,15894100,13.88
2001-09-05,14.75,15.21,14.00,14.50,18049200,14.50
2001-09-04,15.32,15.84,14.95,14.95,14202700,14.95
2001-08-31,15.20,15.59,15.03,15.46,12726000,15.46
2001-08-30,15.75,15.76,14.90,15.31,21217800,15.31
2001-08-29,17.00,17.08,16.07,16.28,11605600,16.28
2001-08-28,17.28,17.40,16.83,16.90,10525500,16.90
2001-08-27,17.25,17.73,16.92,17.49,10083400,17.49
2001-08-24,15.85,17.29,15.78,17.20,16146200,17.20
2001-08-23,15.40,15.90,15.17,15.70,14108600,15.70
2001-08-22,16.05,16.25,15.10,15.50,16626200,15.50
2001-08-21,16.48,16.74,15.74,15.89,12503800,15.89
2001-08-20,16.26,16.59,16.13,16.35,9872000,16.35
2001-08-17,16.20,16.61,15.88,16.50,15430500,16.50
2001-08-16,15.98,17.30,15.39,16.60,20219700,16.60
2001-08-15,16.75,17.06,16.01,16.10,16037000,16.10
2001-08-14,17.52,17.65,16.82,16.98,12132800,16.98
2001-08-13,17.50,17.69,17.15,17.48,10416000,17.48
2001-08-10,17.70,17.70,16.85,17.26,19861500,17.26
2001-08-09,18.00,18.30,17.50,17.70,18322000,17.70
2001-08-08,19.02,19.48,18.06,18.30,17205100,18.30
2001-08-07,19.61,19.97,19.26,19.58,8877400,19.58
2001-08-06,20.24,20.25,19.81,20.03,9726900,20.03
2001-08-03,20.46,20.72,19.67,20.48,9704000,20.48
2001-08-02,21.50,21.64,20.05,20.46,18338500,20.46
2001-08-01,20.02,21.22,19.82,20.90,23753300,20.90
2001-07-31,19.74,20.06,19.30,19.72,13291900,19.72
2001-07-30,20.01,20.29,19.25,19.53,12053400,19.53
2001-07-27,19.25,20.20,19.15,20.01,16601100,20.01
2001-07-26,18.25,19.45,18.05,19.27,15828800,19.27
2001-07-25,17.81,18.24,17.76,18.17,15726900,18.17
2001-07-24,18.08,18.15,17.77,17.95,17785700,17.95
2001-07-23,19.00,19.00,18.00,18.00,16012800,18.00
2001-07-20,18.30,18.30,17.89,18.09,15247600,18.09
2001-07-19,18.75,19.09,18.00,18.35,22478500,18.35
2001-07-18,19.65,19.99,18.03,18.05,37445300,18.05
2001-07-17,20.60,20.80,20.25,20.39,17468100,20.39
2001-07-16,22.20,22.32,20.85,21.15,12303000,21.15
2001-07-13,21.40,22.75,21.30,22.12,15809600,22.12
2001-07-12,21.09,21.99,21.00,21.51,18710600,21.51
2001-07-11,20.85,21.35,20.10,20.30,25499400,20.30
2001-07-10,23.30,23.30,20.99,21.37,29092800,21.37
2001-07-09,22.00,23.10,21.90,22.32,37294000,22.32
2001-07-06,23.75,24.50,21.60,21.60,70474700,21.60
2001-07-05,31.05,31.49,29.91,30.03,10925800,30.03
2001-07-03,30.95,31.98,30.60,31.62,8240800,31.62
2001-07-02,29.89,31.29,28.89,30.60,13426800,30.60
2001-06-29,29.50,31.00,29.05,29.25,18884600,29.25
2001-06-28,29.05,30.60,29.00,29.45,18568700,29.45
2001-06-27,28.89,29.48,28.09,28.20,17460200,28.20
2001-06-26,28.20,29.19,27.70,28.30,19412300,28.30
2001-06-25,27.38,28.47,27.20,28.35,14492200,28.35
2001-06-22,27.45,27.90,26.19,26.41,15706700,26.41
2001-06-21,27.77,28.40,27.11,27.11,17238800,27.11
2001-06-20,26.68,27.50,26.11,27.15,19481500,27.15
2001-06-19,28.71,29.62,26.04,26.67,21848200,26.67
2001-06-18,28.55,28.99,27.10,27.60,11956000,27.60
2001-06-15,27.40,28.70,27.12,27.77,22632800,27.77
2001-06-14,30.00,30.04,27.96,28.25,23776900,28.25
2001-06-13,32.25,33.45,30.11,30.30,16592600,30.30
2001-06-12,31.00,33.00,30.50,31.74,16041500,31.74
2001-06-11,33.64,33.74,31.61,31.91,10327300,31.91
2001-06-08,35.15,35.16,33.31,33.35,9287400,33.35
2001-06-07,33.70,34.74,33.40,34.74,12157700,34.74
2001-06-06,34.60,35.50,33.65,33.80,15549700,33.80
2001-06-05,32.45,34.89,32.26,34.50,16029100,34.50
2001-06-04,31.55,32.00,31.09,31.65,9797900,31.65
2001-06-01,32.00,32.15,31.01,31.45,15261900,31.45
2001-05-31,31.01,32.40,31.01,31.60,19195600,31.60
2001-05-30,31.50,33.00,30.56,30.95,31171100,30.95
2001-05-29,35.60,36.00,33.55,33.99,25043100,33.99
2001-05-25,38.45,38.55,37.00,37.10,11411700,37.10
2001-05-24,38.25,38.75,37.50,38.45,15057200,38.45
2001-05-23,39.00,39.25,38.05,38.20,18059600,38.20
2001-05-22,41.30,41.35,40.00,40.00,16256100,40.00
2001-05-21,39.05,40.95,37.70,40.70,27030300,40.70
2001-05-18,41.95,42.20,40.15,40.35,12829600,40.35
2001-05-17,41.65,42.87,40.94,41.50,16109700,41.50
2001-05-16,38.76,41.70,38.10,41.65,18596200,41.65
2001-05-15,38.92,40.51,38.75,39.21,14268300,39.21
2001-05-14,39.95,39.98,37.70,38.92,11185600,38.92
2001-05-11,40.25,40.60,39.49,39.95,12119700,39.95
2001-05-10,43.20,43.21,39.71,40.25,18352300,40.25
2001-05-09,40.00,42.50,39.12,40.98,17203600,40.98
2001-05-08,41.50,42.00,39.87,41.00,11532600,41.00
2001-05-07,41.94,41.94,39.90,39.90,10740800,39.90
2001-05-04,38.15,41.98,37.50,41.30,19710500,41.30
2001-05-03,41.75,42.24,39.50,40.11,20906300,40.11
2001-05-02,43.35,45.10,42.74,44.00,25153800,44.00
2001-05-01,40.36,41.94,39.69,41.94,17062300,41.94
2001-04-30,40.50,41.90,38.70,39.60,16256800,39.60
2001-04-27,38.95,39.40,37.75,39.18,11593800,39.18
2001-04-26,39.50,40.20,36.40,37.29,15732800,37.29
2001-04-25,38.11,38.84,36.60,38.24,16885700,38.24
2001-04-24,40.00,42.00,37.69,38.85,18719400,38.85
2001-04-23,43.20,43.50,39.43,39.95,20891800,39.95
2001-04-20,41.75,45.96,41.75,45.10,27807700,45.10
2001-04-19,38.98,43.05,38.00,42.81,30506400,42.81
2001-04-18,34.10,39.00,33.60,36.66,35664200,36.66
2001-04-17,30.00,32.20,29.70,31.76,18085700,31.76
2001-04-16,30.95,31.80,29.50,30.65,18913300,30.65
2001-04-12,31.00,31.95,28.89,31.26,30265200,31.26
2001-04-11,34.41,36.50,31.00,32.21,41592800,32.21
2001-04-10,31.98,35.25,31.60,34.40,33125500,34.40
2001-04-09,30.75,31.10,29.60,30.79,20575100,30.79
2001-04-06,30.07,31.41,28.88,30.15,18121600,30.15
2001-04-05,30.00,31.80,29.70,31.75,24522600,31.75
2001-04-04,26.94,28.50,26.00,26.95,25283000,26.95
2001-04-03,28.50,28.90,25.05,25.20,37394800,25.20
2001-04-02,29.50,30.75,28.52,29.31,15793800,29.31
2001-03-30,30.55,30.55,28.20,29.40,23446500,29.40
2001-03-29,32.09,32.09,28.05,29.00,31770000,29.00
2001-03-28,35.50,35.50,32.40,32.58,19949300,32.58
2001-03-27,34.90,37.00,34.31,36.75,16009300,36.75
2001-03-26,37.25,37.66,33.63,35.00,17614600,35.00
2001-03-23,37.30,37.92,35.06,36.10,26525900,36.10
2001-03-22,34.90,36.50,33.50,35.80,25797200,35.80
2001-03-21,34.45,36.45,33.50,35.00,19061400,35.00
2001-03-20,35.50,36.95,33.61,34.00,26751200,34.00
2001-03-19,33.74,34.94,32.29,34.40,18089700,34.40
2001-03-16,34.25,35.64,32.25,32.93,22594400,32.93
2001-03-15,37.40,37.75,34.50,34.95,19152000,34.95
2001-03-14,32.12,37.50,32.10,35.30,28289600,35.30
2001-03-13,31.25,34.50,30.25,34.10,27297700,34.10
2001-03-12,33.28,33.28,29.96,30.25,37278300,30.25
2001-03-09,36.10,36.49,33.00,34.35,28455500,34.35
2001-03-08,41.00,41.00,36.50,37.15,22638400,37.15
2001-03-07,43.12,44.25,40.90,41.00,17368000,41.00
2001-03-06,42.00,43.95,41.21,43.00,22251500,43.00
2001-03-05,39.10,39.70,37.28,38.60,17646700,38.60
2001-03-02,40.00,42.17,38.00,38.40,28967000,38.40
2001-03-01,38.92,44.54,37.43,42.91,20531300,42.91
2001-02-28,42.25,43.30,38.38,39.76,18952500,39.76
2001-02-27,44.75,44.94,41.03,41.66,15313900,41.66
2001-02-26,45.20,46.00,41.75,45.00,21370600,45.00
2001-02-23,39.50,45.00,37.91,45.00,27056200,45.00
2001-02-22,37.00,41.00,34.00,40.35,57889300,40.35
2001-02-21,47.82,50.00,41.50,42.95,37012900,42.95
2001-02-20,55.70,55.74,49.12,49.27,18051900,49.27
2001-02-16,55.25,56.20,53.10,54.05,17665100,54.05
2001-02-15,58.89,62.00,57.00,58.10,17451300,58.10
2001-02-14,55.59,59.00,51.95,56.50,18992700,56.50
2001-02-13,55.20,58.56,54.75,55.31,21023000,55.31
2001-02-12,56.18,56.18,50.00,54.16,29926800,54.16
2001-02-09,60.49,60.50,56.26,56.40,19499400,56.40
2001-02-08,64.00,64.50,59.50,59.50,18656200,59.50
2001-02-07,68.00,68.75,62.48,65.39,24092000,64.00
2001-02-06,69.76,73.25,69.16,70.00,10923900,68.51
2001-02-05,71.62,71.75,68.75,69.76,13287400,68.27
2001-02-02,78.50,78.50,71.00,72.20,12497900,70.66
2001-02-01,75.40,78.69,75.26,77.60,9059200,75.95
2001-01-31,79.50,80.25,75.26,75.99,10896200,74.37
2001-01-30,79.64,79.74,76.41,78.75,8870900,77.07
2001-01-29,77.00,80.41,77.00,79.89,6802000,78.19
2001-01-26,75.00,79.19,75.00,79.06,12153000,77.38
2001-01-25,79.00,79.44,74.87,76.50,12374500,74.87
2001-01-24,79.25,82.00,78.06,79.44,17965200,77.75
2001-01-23,77.25,79.81,73.50,79.56,21424700,77.87
2001-01-22,76.00,77.31,73.50,76.50,14021300,74.87
2001-01-19,77.00,78.69,75.31,77.31,16200800,75.66
2001-01-18,73.12,76.50,71.81,76.00,14339500,74.38
2001-01-17,74.00,74.00,72.06,72.31,14010800,70.77
2001-01-16,70.00,72.12,69.00,69.87,10340900,68.38
2001-01-12,73.50,73.87,67.50,68.81,20256600,67.34
2001-01-11,68.69,75.25,67.69,73.12,18940900,71.56
2001-01-10,62.56,69.00,62.00,68.69,15795300,67.23
2001-01-09,63.00,66.75,61.94,63.75,16275600,62.39
2001-01-08,63.00,63.88,59.31,61.50,12532200,60.19
2001-01-05,70.37,70.37,63.25,64.37,13471700,63.00
2001-01-04,68.12,72.50,66.00,70.69,19826100,69.18
2001-01-03,53.00,67.87,53.00,67.81,28531600,66.37
2001-01-02,59.63,60.50,53.13,54.31,24212200,53.15
2000-12-29,68.94,69.25,65.62,66.50,8959200,65.08
2000-12-28,68.00,69.94,67.56,68.56,9639200,67.10
2000-12-27,66.31,68.37,63.38,67.31,9915600,65.88
2000-12-26,69.00,69.12,62.88,65.31,10258000,63.92
2000-12-22,62.50,68.69,62.38,68.25,17158600,66.80
2000-12-21,55.50,62.00,54.69,59.25,24383300,57.99
2000-12-20,59.50,59.75,54.06,55.63,33023400,54.44
2000-12-19,66.50,70.62,62.50,63.00,19714400,61.66
2000-12-18,69.75,71.00,64.31,65.81,18185000,64.41
2000-12-15,71.50,71.50,65.00,68.12,34632700,66.67
2000-12-14,77.62,79.12,74.62,74.62,18519800,73.03
2000-12-13,85.00,85.12,77.12,77.87,16751100,76.21
2000-12-12,89.94,89.94,81.25,82.12,14617000,80.37
2000-12-11,88.87,91.25,87.12,90.00,10753600,88.08
2000-12-08,89.00,90.37,85.75,86.94,13084700,85.09
2000-12-07,88.87,88.94,84.44,85.69,12130900,83.86
2000-12-06,90.00,92.00,88.75,90.00,16882300,88.08
2000-12-05,83.44,89.94,82.00,89.94,16945200,88.02
2000-12-04,77.50,80.75,75.25,79.50,10812300,77.81
2000-12-01,75.44,80.06,74.87,78.25,15870600,76.58
2000-11-30,70.25,76.00,69.25,74.37,27912500,72.79
2000-11-29,78.06,78.25,69.00,73.19,21547500,71.63
2000-11-28,84.50,85.44,78.19,79.50,10813800,77.81
2000-11-27,87.00,87.87,83.25,84.25,9710200,82.46
2000-11-24,80.94,83.25,80.06,82.81,4617500,81.05
2000-11-22,81.56,82.87,78.00,78.19,8938400,76.52
2000-11-21,80.31,84.00,79.87,82.06,8711100,80.31
2000-11-20,83.87,83.87,80.06,80.31,9495600,78.60
2000-11-17,85.25,87.09,81.62,84.87,11108800,83.06
2000-11-16,88.00,90.56,83.69,84.12,8612200,82.33
2000-11-15,86.00,89.50,84.44,88.81,12791900,86.92
2000-11-14,80.00,87.37,80.00,86.62,12489700,84.77
2000-11-13,77.50,81.44,75.37,78.87,20824800,77.19
2000-11-10,82.50,84.19,80.62,82.31,14106300,80.56
2000-11-09,85.00,87.25,80.12,85.00,20988100,83.19
2000-11-08,97.50,97.62,87.94,88.62,11441900,86.73
2000-11-07,94.56,97.94,94.19,97.56,7683300,95.48
2000-11-06,98.94,98.94,93.56,94.81,9794700,92.79
2000-11-03,95.62,99.00,94.12,97.75,9022500,95.67
2000-11-02,92.00,96.62,91.94,94.94,11420500,92.92
2000-11-01,87.56,92.37,86.75,91.00,10440800,89.06
2000-10-31,85.62,89.75,84.62,89.06,11611600,87.16
2000-10-30,88.25,88.25,80.87,84.44,13184100,82.64
2000-10-27,88.00,89.94,85.00,88.81,9747800,86.92
2000-10-26,89.87,90.00,80.00,86.00,22480200,84.17
2000-10-25,93.00,94.50,88.62,90.00,13085600,88.08
2000-10-24,100.00,100.81,94.00,95.69,9406100,93.65
2000-10-23,99.00,100.87,97.94,99.94,8513000,97.81
2000-10-20,97.00,100.00,96.06,100.00,9574200,97.87
2000-10-19,95.00,97.69,93.25,97.00,11225300,94.93
2000-10-18,87.50,93.87,86.00,90.00,20074700,88.08
2000-10-17,96.69,97.81,92.19,94.94,12911100,92.92
2000-10-16,95.19,99.12,93.50,96.69,11734700,94.63
2000-10-13,85.12,95.31,84.81,94.94,12978400,92.92
2000-10-12,91.94,92.00,85.12,85.75,13244400,83.92
2000-10-11,83.00,91.06,81.50,89.12,19359800,87.22
2000-10-10,89.00,90.37,86.00,88.62,9023800,86.73
2000-10-09,89.44,91.75,85.62,89.75,11529700,87.84
2000-10-06,91.00,92.06,87.25,89.19,9783000,87.29
2000-10-05,92.75,92.87,87.56,90.00,11645900,88.08
2000-10-04,90.00,93.94,85.75,92.12,21654200,90.16
2000-10-03,99.50,101.50,93.81,94.00,10138900,92.00
2000-10-02,99.56,102.87,97.87,99.25,8704700,97.14
2000-09-29,102.00,102.06,98.50,99.25,8101900,97.14
2000-09-28,98.62,103.00,98.00,101.75,7963100,99.58
2000-09-27,99.00,100.50,97.00,98.62,8700200,96.52
2000-09-26,102.25,102.75,96.00,98.00,11664200,95.91
2000-09-25,102.37,104.94,100.25,101.00,8489200,98.85
2000-09-22,95.12,103.00,95.12,102.94,14543100,100.75
2000-09-21,102.06,102.69,95.00,95.75,8292500,93.71
2000-09-20,98.50,104.12,97.75,103.25,10976300,101.05
2000-09-19,97.00,99.19,94.00,98.25,8053400,96.16
2000-09-18,95.31,97.87,94.31,95.69,6780800,93.65
2000-09-15,95.31,95.31,93.87,94.62,6620200,92.60
2000-09-14,95.94,96.94,94.50,95.00,4420900,92.98
2000-09-13,92.06,95.31,91.31,94.69,7872800,92.67
2000-09-12,93.94,95.94,92.56,94.00,6013900,92.00
2000-09-11,95.00,97.37,93.50,94.12,6804500,92.11
2000-09-08,98.94,98.94,95.87,96.50,5802500,94.44
2000-09-07,96.44,100.00,95.44,99.31,6955800,97.19
2000-09-06,96.62,97.94,94.81,97.00,6064200,94.93
2000-09-05,98.25,98.69,95.87,95.87,5005900,93.83
2000-09-01,99.31,99.44,96.81,97.25,4731600,95.18
2000-08-31,96.00,99.19,95.81,98.00,6115200,95.91
2000-08-30,94.75,96.56,94.37,96.12,5298800,94.07
2000-08-29,95.56,95.62,93.00,95.62,4483600,93.58
2000-08-28,92.19,95.50,91.75,94.94,5375500,92.92
2000-08-25,92.25,92.25,90.87,91.50,5382500,89.55
2000-08-24,93.00,93.94,91.56,92.87,5603400,90.89
2000-08-23,93.62,96.25,92.50,94.62,6723300,92.60
2000-08-22,93.44,95.19,91.44,93.37,5478300,91.38
2000-08-21,94.31,94.87,92.06,93.44,4538300,91.45
2000-08-18,93.12,95.94,92.25,94.00,5753600,92.00
2000-08-17,88.94,93.87,88.00,93.12,6846600,91.14
2000-08-16,89.31,90.19,86.94,88.00,6074800,86.13
2000-08-15,89.94,90.44,88.00,88.69,5426300,86.80
2000-08-14,89.00,90.31,87.81,89.56,4180600,87.65
2000-08-11,89.00,89.94,86.50,89.56,5419200,87.65
2000-08-10,90.50,91.94,88.94,89.06,5570800,87.16
2000-08-09,93.94,93.94,89.19,90.50,7338000,88.57
2000-08-08,89.94,93.00,88.87,92.50,9604100,90.53
2000-08-07,86.00,90.00,85.87,89.87,7940800,87.96
2000-08-04,85.81,86.00,84.31,85.50,6573300,83.68
2000-08-03,79.00,84.25,77.75,83.75,11082800,81.97
2000-08-02,82.25,83.06,80.12,81.00,8073600,79.27
2000-08-01,85.50,86.06,82.50,82.50,6572800,80.74
2000-07-31,81.50,85.94,81.25,85.00,8995800,83.19
2000-07-28,86.75,86.94,79.87,81.62,9645500,79.88
2000-07-27,86.87,89.37,85.25,85.69,7683400,83.86
2000-07-26,88.12,88.50,85.06,86.00,7980300,84.17
2000-07-25,87.37,88.37,85.06,87.37,6689500,85.51
2000-07-24,88.44,88.87,85.19,86.50,6524400,84.66
2000-07-21,87.19,89.87,86.25,89.56,7688000,87.65
2000-07-20,83.37,88.56,83.19,88.50,10732700,86.61
2000-07-19,81.50,84.00,80.50,84.00,12344400,82.21
2000-07-18,81.75,82.44,76.37,78.56,7793400,76.89
2000-07-17,79.69,81.75,79.12,80.75,6031700,79.03
2000-07-14,79.12,81.00,78.75,80.50,8660200,78.79
2000-07-13,75.50,79.75,75.50,77.37,7253800,75.72
2000-07-12,75.00,75.87,74.25,75.00,5466700,73.40
2000-07-11,75.62,76.94,73.75,74.50,6455300,72.91
2000-07-10,76.37,77.62,75.56,76.00,5401600,74.38
2000-07-07,74.75,78.44,74.12,77.50,7393000,75.85
2000-07-06,75.06,75.62,74.06,74.50,6271100,72.91
2000-07-05,77.12,77.19,74.81,75.62,4891100,74.01
2000-07-03,76.31,77.75,75.44,77.19,2629400,75.55
2000-06-30,71.62,77.05,71.62,76.94,7662200,75.30
2000-06-29,75.50,75.94,72.81,73.62,6129100,72.05
2000-06-28,73.87,77.25,73.44,75.25,7110200,73.65
2000-06-27,75.50,75.50,72.87,74.00,5971100,72.42
2000-06-26,74.50,77.44,74.00,75.00,7033100,73.40
2000-06-23,76.31,77.69,74.87,76.00,5388900,74.38
2000-06-22,78.00,79.31,75.94,77.50,5472300,75.85
2000-06-21,78.25,79.75,76.56,79.00,9578100,77.32
2000-06-20,81.62,82.62,79.25,80.44,9546900,78.73
2000-06-19,78.25,83.50,77.75,83.50,11543800,81.72
2000-06-16,74.12,79.50,74.00,79.12,18520300,77.43
2000-06-15,72.44,74.87,71.56,74.12,9974200,72.54
2000-06-14,70.94,72.94,70.06,70.50,8762800,69.00
2000-06-13,68.00,71.50,67.12,71.00,7741700,69.49
2000-06-12,69.50,69.94,67.69,69.00,4771400,67.53
2000-06-09,69.69,69.87,68.50,68.75,4053300,67.29
2000-06-08,69.25,69.87,67.25,69.00,6737700,67.53
2000-06-07,65.25,70.00,65.19,69.00,8400000,67.53
2000-06-06,67.94,68.00,64.12,65.00,8660300,63.62
2000-06-05,64.00,68.87,63.81,68.00,8353600,66.55
2000-06-02,128.50,134.00,126.62,134.00,13718400,65.57
2000-06-01,120.62,122.00,116.12,121.00,12902200,59.21
2000-05-31,120.81,120.81,115.87,116.25,9782200,56.89
2000-05-30,109.06,121.00,109.06,120.87,11045600,59.15
2000-05-26,106.50,109.75,105.62,109.00,10280600,53.34
2000-05-25,115.37,117.50,110.00,110.50,12906600,54.07
2000-05-24,108.75,112.37,101.94,111.37,21095600,54.50
2000-05-23,114.50,117.56,106.00,107.00,12631000,52.36
2000-05-22,117.00,117.00,109.00,115.00,15743200,56.28
2000-05-19,120.94,123.12,115.75,118.00,14306600,57.74
2000-05-18,126.50,127.75,120.12,122.00,13368400,59.70
2000-05-17,128.50,130.06,125.06,129.50,7867600,63.37
2000-05-16,134.00,134.94,127.62,131.38,8499000,64.29
2000-05-15,128.00,133.00,124.62,133.00,6190600,65.08
2000-05-12,127.50,133.00,127.00,127.50,8570600,62.39
2000-05-11,121.06,125.75,119.25,125.50,11898200,61.41
2000-05-10,122.62,123.69,117.56,119.00,15056800,58.23
2000-05-09,132.81,134.50,123.00,125.69,14241200,61.51
2000-05-08,137.13,137.31,132.25,132.88,6820000,65.02
2000-05-05,137.50,141.13,137.00,138.00,7502200,67.53
2000-05-04,136.00,139.88,134.00,138.00,9356800,67.53
2000-05-03,138.44,139.31,130.88,136.25,11192800,66.67
2000-05-02,142.00,142.88,139.00,139.00,8362200,68.02
2000-05-01,140.25,144.13,140.13,142.00,9154600,69.49
2000-04-28,142.00,142.81,137.06,139.50,9610000,68.26
2000-04-27,132.25,141.94,131.75,141.25,12025400,69.12
2000-04-26,136.50,139.69,135.81,137.00,12214000,67.04
2000-04-25,133.00,135.00,130.06,134.25,12168400,65.70
2000-04-24,129.00,130.63,123.75,129.50,12502800,63.37
2000-04-20,129.75,132.38,128.06,132.38,9287600,64.78
2000-04-19,131.00,132.94,124.00,128.00,11807600,62.64
2000-04-18,124.81,131.00,120.12,130.13,17306600,63.68
2000-04-17,108.12,125.00,108.06,124.50,19975000,60.92
2000-04-14,116.00,117.87,107.00,110.00,24308400,53.83
2000-04-13,124.00,127.62,118.50,120.00,17362800,58.72
2000-04-12,131.25,133.00,120.00,127.00,14507200,62.15
2000-04-11,132.06,134.13,128.06,129.88,11248400,63.56
2000-04-10,142.25,143.13,133.50,135.00,10305600,66.06
2000-04-07,136.00,144.38,135.06,144.00,11422800,70.47
2000-04-06,131.88,134.25,129.06,133.13,11929600,65.15
2000-04-05,123.50,130.63,122.00,126.50,14244400,61.90
2000-04-04,128.00,130.00,109.87,128.00,22358200,62.64
2000-04-03,125.50,127.94,122.50,127.00,9657800,62.15
2000-03-31,129.81,129.94,122.37,126.00,14503400,61.66
2000-03-30,128.00,132.06,121.75,129.88,14746800,63.56
2000-03-29,138.06,139.06,130.00,130.81,13008400,64.01
2000-03-28,138.38,142.63,138.25,139.56,7148400,68.29
2000-03-27,142.00,144.75,140.56,143.25,8167800,70.10
2000-03-24,137.75,145.44,137.75,142.00,9718800,69.49
2000-03-23,133.50,140.31,132.50,137.50,9523400,67.29
2000-03-22,136.50,136.50,131.00,134.50,9364400,65.82
2000-03-21,132.00,136.50,128.75,135.13,8400400,66.13
2000-03-20,130.00,132.19,128.63,132.00,8370600,64.59
2000-03-17,122.62,129.31,122.62,128.75,11852800,63.00
2000-03-16,120.12,122.75,115.50,122.75,13486000,60.07
2000-03-15,120.75,120.87,115.25,115.25,12556800,56.40
2000-03-14,127.87,129.63,120.06,120.50,10682800,58.97
2000-03-13,125.00,129.75,124.12,125.50,8537600,61.41
2000-03-10,132.00,132.50,129.00,130.06,6996600,63.64
2000-03-09,131.63,131.75,128.00,131.00,8634600,64.10
2000-03-08,127.12,133.00,125.31,132.13,13533800,64.66
2000-03-07,123.00,130.88,123.00,127.50,18328800,62.39
2000-03-06,118.00,122.75,117.31,120.12,11067600,58.78
2000-03-03,118.25,119.12,115.12,117.62,13933800,57.56
2000-03-02,119.25,121.00,115.50,116.62,9442200,57.07
2000-03-01,119.00,121.75,117.62,118.00,9989400,57.74
2000-02-29,119.94,121.62,118.25,119.00,10709400,58.23
2000-02-28,120.00,121.19,115.62,118.00,13061600,57.74
2000-02-25,124.50,125.62,120.06,123.00,11361200,60.19
2000-02-24,119.69,125.50,117.62,125.00,11601600,61.17
2000-02-23,115.00,120.44,114.56,119.25,9408800,58.35
2000-02-22,116.37,118.44,111.50,116.75,11865000,57.13
2000-02-18,118.37,120.69,116.25,117.25,11646000,57.38
2000-02-17,119.00,120.81,117.56,118.00,12657800,57.74
2000-02-16,116.19,118.50,115.00,118.00,9661000,57.74
2000-02-15,114.87,117.69,111.56,117.00,8451000,57.25
2000-02-14,115.37,116.50,113.31,115.19,7949400,56.37
2000-02-11,119.50,119.50,114.00,116.37,8905400,56.95
2000-02-10,116.00,118.50,113.75,118.37,9009600,57.92
2000-02-09,118.44,119.75,114.25,114.31,11254000,55.94
2000-02-08,115.00,118.56,112.62,117.75,12480600,57.62
2000-02-07,109.00,115.25,107.19,114.62,9847800,56.09
2000-02-04,111.87,112.00,108.06,110.00,10740400,53.83
2000-02-03,111.75,112.75,108.56,110.00,12464000,53.83
2000-02-02,105.44,110.87,104.94,108.00,12363200,52.85
2000-02-01,107.50,107.50,102.06,104.62,12482800,51.20
