Date,Open,High,Low,Close,Volume,Adj Close
2012-09-13,46.526202,46.526202,46.526202,46.526202,1,46.526202
2012-09-12,46.714307,46.714307,46.714307,46.714307,1,46.714307
2012-09-11,46.901687,46.901687,46.901687,46.901687,1,46.901687
2012-09-10,47.087619,47.087619,47.087619,47.087619,1,47.087619
2012-09-07,47.271384,47.271384,47.271384,47.271384,1,47.271384
2012-09-06,47.452275,47.452275,47.452275,47.452275,1,47.452275
2012-09-05,47.629593,47.629593,47.629593,47.629593,1,47.629593
2012-09-04,47.802653,47.802653,47.802653,47.802653,1,47.802653
2012-08-31,47.970789,47.970789,47.970789,47.970789,1,47.970789
2012-08-30,48.133352,48.133352,48.133352,48.133352,1,48.133352
2012-08-29,48.289715,48.289715,48.289715,48.289715,1,48.289715
2012-08-28,48.439273,48.439273,48.439273,48.439273,1,48.439273
2012-08-27,48.581451,48.581451,48.581451,48.581451,1,48.581451
2012-08-24,48.715700,48.715700,48.715700,48.715700,1,48.715700
2012-08-23,48.841501,48.841501,48.841501,48.841501,1,48.841501
2012-08-22,48.958370,48.958370,48.958370,48.958370,1,48.958370
2012-08-21,49.065855,49.065855,49.065855,49.065855,1,49.065855
2012-08-20,49.163543,49.163543,49.163543,49.163543,1,49.163543
2012-08-17,49.251055,49.251055,49.251055,49.251055,1,49.251055
2012-08-16,49.328054,49.328054,49.328054,49.328054,1,49.328054
2012-08-15,49.394244,49.394244,49.394244,49.394244,1,49.394244
2012-08-14,49.449369,49.449369,49.449369,49.449369,1,49.449369
2012-08-13,49.493216,49.493216,49.493216,49.493216,1,49.493216
2012-08-10,49.525616,49.525616,49.525616,49.525616,1,49.525616
2012-08-09,49.546445,49.546445,49.546445,49.546445,1,49.546445
2012-08-08,49.555621,49.555621,49.555621,49.555621,1,49.555621
2012-08-07,49.553109,49.553109,49.553109,49.553109,1,49.553109
2012-08-06,49.538919,49.538919,49.538919,49.538919,1,49.538919
2012-08-03,49.513107,49.513107,49.513107,49.513107,1,49.513107
2012-08-02,49.475770,49.475770,49.475770,49.475770,1,49.475770
2012-08-01,49.427054,49.427054,49.427054,49.427054,1,49.427054
2012-07-31,49.367146,49.367146,49.367146,49.367146,1,49.367146
2012-07-30,49.296278,49.296278,49.296278,49.296278,1,49.296278
2012-07-27,49.214722,49.214722,49.214722,49.214722,1,49.214722
2012-07-26,49.122794,49.122794,49.122794,49.122794,1,49.122794
2012-07-25,49.020849,49.020849,49.020849,49.020849,1,49.020849
2012-07-24,48.909279,48.909279,48.909279,48.909279,1,48.909279
2012-07-23,48.788514,48.788514,48.788514,48.788514,1,48.788514
2012-07-20,48.659022,48.659022,48.659022,48.659022,1,48.659022
2012-07-19,48.521301,48.521301,48.521301,48.521301,1,48.521301
2012-07-18,48.375883,48.375883,48.375883,48.375883,1,48.375883
2012-07-17,48.223329,48.223329,48.223329,48.223329,1,48.223329
2012-07-16,48.064227,48.064227,48.064227,48.064227,1,48.064227
2012-07-13,47.899191,47.899191,47.899191,47.899191,1,47.899191
2012-07-12,47.728858,47.728858,47.728858,47.728858,1,47.728858
2012-07-11,47.553886,47.553886,47.553886,47.553886,1,47.553886
2012-07-10,47.374948,47.374948,47.374948,47.374948,1,47.374948
2012-07-09,47.192736,47.192736,47.192736,47.192736,1,47.192736
2012-07-06,47.007953,47.007953,47.007953,47.007953,1,47.007953
2012-07-05,46.821310,46.821310,46.821310,46.821310,1,46.821310
2012-07-03,46.633530,46.633530,46.633530,46.633530,1,46.633530
2012-07-02,46.445335,46.445335,46.445335,46.445335,1,46.445335
2012-06-29,46.257452,46.257452,46.257452,46.257452,1,46.257452
2012-06-28,46.070606,46.070606,46.070606,46.070606,1,46.070606
2012-06-27,45.885518,45.885518,45.885518,45.885518,1,45.885518
2012-06-26,45.702901,45.702901,45.702901,45.702901,1,45.702901
2012-06-25,45.523461,45.523461,45.523461,45.523461,1,45.523461
2012-06-22,45.347890,45.347890,45.347890,45.347890,1,45.347890
2012-06-21,45.176864,45.176864,45.176864,45.176864,1,45.176864
2012-06-20,45.011044,45.011044,45.011044,45.011044,1,45.011044
2012-06-19,44.851070,44.851070,44.851070,44.851070,1,44.851070
2012-06-18,44.697559,44.697559,44.697559,44.697559,1,44.697559
2012-06-15,44.551103,44.551103,44.551103,44.551103,1,44.551103
2012-06-14,44.412266,44.412266,44.412266,44.412266,1,44.412266
2012-06-13,44.281586,44.281586,44.281586,44.281586,1,44.281586
2012-06-12,44.159565,44.159565,44.159565,44.159565,1,44.159565
2012-06-11,44.046675,44.046675,44.046675,44.046675,1,44.046675
2012-06-08,43.943351,43.943351,43.943351,43.943351,1,43.943351
2012-06-07,43.849991,43.849991,43.849991,43.849991,1,43.849991
2012-06-06,43.766957,43.766957,43.766957,43.766957,1,43.766957
2012-06-05,43.694568,43.694568,43.694568,43.694568,1,43.694568
2012-06-04,43.633104,43.633104,43.633104,43.633104,1,43.633104
2012-06-01,43.582801,43.582801,43.582801,43.582801,1,43.582801
2012-05-31,43.543854,43.543854,43.543854,43.543854,1,43.543854
2012-05-30,43.516414,43.516414,43.516414,43.516414,1,43.516414
2012-05-29,43.500585,43.500585,43.500585,43.500585,1,43.500585
2012-05-25,43.496429,43.496429,43.496429,43.496429,1,43.496429
2012-05-24,43.503962,43.503962,43.503962,43.503962,1,43.503962
2012-05-23,43.523155,43.523155,43.523155,43.523155,1,43.523155
2012-05-22,43.553935,43.553935,43.553935,43.553935,1,43.553935
2012-05-21,43.596181,43.596181,43.596181,43.596181,1,43.596181
2012-05-18,43.649731,43.649731,43.649731,43.649731,1,43.649731
2012-05-17,43.714379,43.714379,43.714379,43.714379,1,43.714379
2012-05-16,43.789876,43.789876,43.789876,43.789876,1,43.789876
2012-05-15,43.875929,43.875929,43.875929,43.875929,1,43.875929
2012-05-14,43.972207,43.972207,43.972207,43.972207,1,43.972207
2012-05-11,44.078338,44.078338,44.078338,44.078338,1,44.078338
2012-05-10,44.193914,44.193914,44.193914,44.193914,1,44.193914
2012-05-09,44.318487,44.318487,44.318487,44.318487,1,44.318487
2012-05-08,44.451578,44.451578,44.451578,44.451578,1,44.451578
2012-05-07,44.592673,44.592673,44.592673,44.592673,1,44.592673
2012-05-04,44.741228,44.741228,44.741228,44.741228,1,44.741228
2012-05-03,44.896669,44.896669,44.896669,44.896669,1,44.896669
2012-05-02,45.058397,45.058397,45.058397,45.058397,1,45.058397
2012-05-01,45.225788,45.225788,45.225788,45.225788,1,45.225788
2012-04-30,45.398196,45.398196,45.398196,45.398196,1,45.398196
2012-04-27,45.574956,45.574956,45.574956,45.574956,1,45.574956
2012-04-26,45.755386,45.755386,45.755386,45.755386,1,45.755386
2012-04-25,45.938790,45.938790,45.938790,45.938790,1,45.938790
2012-04-24,46.124460,46.124460,46.124460,46.124460,1,46.124460
2012-04-23,46.311680,46.311680,46.311680,46.311680,1,46.311680
2012-04-20,46.499728,46.499728,46.499728,46.499728,1,46.499728
2012-04-19,46.687877,46.687877,46.687877,46.687877,1,46.687877
2012-04-18,46.875403,46.875403,46.875403,46.875403,1,46.875403
2012-04-17,47.061582,47.061582,47.061582,47.061582,1,47.061582
2012-04-16,47.245695,47.245695,47.245695,47.245695,1,47.245695
2012-04-13,47.427033,47.427033,47.427033,47.427033,1,47.427033
2012-04-12,47.604894,47.604894,47.604894,47.604894,1,47.604894
2012-04-11,47.778595,47.778595,47.778595,47.778595,1,47.778595
2012-04-10,47.947463,47.947463,47.947463,47.947463,1,47.947463
2012-04-09,48.110848,48.110848,48.110848,48.110848,1,48.110848
2012-04-05,48.268120,48.268120,48.268120,48.268120,1,48.268120
2012-04-04,48.418671,48.418671,48.418671,48.418671,1,48.418671
2012-04-03,48.561921,48.561921,48.561921,48.561921,1,48.561921
2012-04-02,48.697316,48.697316,48.697316,48.697316,1,48.697316
2012-03-30,48.824336,48.824336,48.824336,48.824336,1,48.824336
2012-03-29,48.942489,48.942489,48.942489,48.942489,1,48.942489
2012-03-28,49.051320,49.051320,49.051320,49.051320,1,49.051320
2012-03-27,49.150409,49.150409,49.150409,49.150409,1,49.150409
2012-03-26,49.239374,49.239374,49.239374,49.239374,1,49.239374
2012-03-23,49.317871,49.317871,49.317871,49.317871,1,49.317871
2012-03-22,49.385598,49.385598,49.385598,49.385598,1,49.385598
2012-03-21,49.442293,49.442293,49.442293,49.442293,1,49.442293
2012-03-20,49.487738,49.487738,49.487738,49.487738,1,49.487738
2012-03-19,49.521756,49.521756,49.521756,49.521756,1,49.521756
2012-03-16,49.544218,49.544218,49.544218,49.544218,1,49.544218
2012-03-15,49.555036,49.555036,49.555036,49.555036,1,49.555036
2012-03-14,49.554169,49.554169,49.554169,49.554169,1,49.554169
2012-03-13,49.541619,49.541619,49.541619,49.541619,1,49.541619
2012-03-12,49.517436,49.517436,49.517436,49.517436,1,49.517436
2012-03-09,49.481713,49.481713,49.481713,49.481713,1,49.481713
2012-03-08,49.434587,49.434587,49.434587,49.434587,1,49.434587
2012-03-07,49.376240,49.376240,49.376240,49.376240,1,49.376240
2012-03-06,49.306898,49.306898,49.306898,49.306898,1,49.306898
2012-03-05,49.226828,49.226828,49.226828,49.226828,1,49.226828
2012-03-02,49.136338,49.136338,49.136338,49.136338,1,49.136338
2012-03-01,49.035779,49.035779,49.035779,49.035779,1,49.035779
2012-02-29,48.925537,48.925537,48.925537,48.925537,1,48.925537
2012-02-28,48.806039,48.806039,48.806039,48.806039,1,48.806039
2012-02-27,48.677744,48.677744,48.677744,48.677744,1,48.677744
2012-02-24,48.541149,48.541149,48.541149,48.541149,1,48.541149
2012-02-23,48.396781,48.396781,48.396781,48.396781,1,48.396781
2012-02-22,48.245195,48.245195,48.245195,48.245195,1,48.245195
2012-02-21,48.086978,48.086978,48.086978,48.086978,1,48.086978
2012-02-17,47.922739,47.922739,47.922739,47.922739,1,47.922739
2012-02-16,47.753112,47.753112,47.753112,47.753112,1,47.753112
2012-02-15,47.578751,47.578751,47.578751,47.578751,1,47.578751
2012-02-14,47.400330,47.400330,47.400330,47.400330,1,47.400330
2012-02-13,47.218536,47.218536,47.218536,47.218536,1,47.218536
2012-02-10,47.034071,47.034071,47.034071,47.034071,1,47.034071
2012-02-09,46.847647,46.847647,46.847647,46.847647,1,46.847647
2012-02-08,46.659983,46.659983,46.659983,46.659983,1,46.659983
2012-02-07,46.471802,46.471802,46.471802,46.471802,1,46.471802
2012-02-06,46.283832,46.283832,46.283832,46.283832,1,46.283832
2012-02-03,46.096796,46.096796,46.096796,46.096796,1,46.096796
2012-02-02,45.911418,45.911418,45.911418,45.911418,1,45.911418
2012-02-01,45.728411,45.728411,45.728411,45.728411,1,45.728411
2012-01-31,45.548482,45.548482,45.548482,45.548482,1,45.548482
2012-01-30,45.372325,45.372325,45.372325,45.372325,1,45.372325
2012-01-27,45.200619,45.200619,45.200619,45.200619,1,45.200619
2012-01-26,45.034028,45.034028,45.034028,45.034028,1,45.034028
2012-01-25,44.873194,44.873194,44.873194,44.873194,1,44.873194
2012-01-24,44.718737,44.718737,44.718737,44.718737,1,44.718737
2012-01-23,44.571254,44.571254,44.571254,44.571254,1,44.571254
2012-01-20,44.431313,44.431313,44.431313,44.431313,1,44.431313
2012-01-19,44.299454,44.299454,44.299454,44.299454,1,44.299454
2012-01-18,44.176186,44.176186,44.176186,44.176186,1,44.176186
2012-01-17,44.061984,44.061984,44.061984,44.061984,1,44.061984
2012-01-13,43.957290,43.957290,43.957290,43.957290,1,43.957290
2012-01-12,43.862506,43.862506,43.862506,43.862506,1,43.862506
2012-01-11,43.777999,43.777999,43.777999,43.777999,1,43.777999
2012-01-10,43.704095,43.704095,43.704095,43.704095,1,43.704095
2012-01-09,43.641079,43.641079,43.641079,43.641079,1,43.641079
2012-01-06,43.589194,43.589194,43.589194,43.589194,1,43.589194
2012-01-05,43.548640,43.548640,43.548640,43.548640,1,43.548640
2012-01-04,43.519573,43.519573,43.519573,43.519573,1,43.519573
2012-01-03,43.502107,43.502107,43.502107,43.502107,1,43.502107
2011-12-30,43.496307,43.496307,43.496307,43.496307,1,43.496307
2011-12-29,43.502197,43.502197,43.502197,43.502197,1,43.502197
2011-12-28,43.519753,43.519753,43.519753,43.519753,1,43.519753
2011-12-27,43.548909,43.548909,43.548909,43.548909,1,43.548909
2011-12-23,43.589551,43.589551,43.589551,43.589551,1,43.589551
2011-12-22,43.641523,43.641523,43.641523,43.641523,1,43.641523
2011-12-21,43.704625,43.704625,43.704625,43.704625,1,43.704625
2011-12-20,43.778612,43.778612,43.778612,43.778612,1,43.778612
2011-12-19,43.863199,43.863199,43.863199,43.863199,1,43.863199
2011-12-16,43.958061,43.958061,43.958061,43.958061,1,43.958061
2011-12-15,44.062830,44.062830,44.062830,44.062830,1,44.062830
2011-12-14,44.177103,44.177103,44.177103,44.177103,1,44.177103
2011-12-13,44.300440,44.300440,44.300440,44.300440,1,44.300440
2011-12-12,44.432363,44.432363,44.432363,44.432363,1,44.432363
2011-12-09,44.572365,44.572365,44.572365,44.572365,1,44.572365
2011-12-08,44.719904,44.719904,44.719904,44.719904,1,44.719904
2011-12-07,44.874412,44.874412,44.874412,44.874412,1,44.874412
2011-12-06,45.035293,45.035293,45.035293,45.035293,1,45.035293
2011-12-05,45.201926,45.201926,45.201926,45.201926,1,45.201926
2011-12-02,45.373669,45.373669,45.373669,45.373669,1,45.373669
2011-12-01,45.549857,45.549857,45.549857,45.549857,1,45.549857
2011-11-30,45.729813,45.729813,45.729813,45.729813,1,45.729813
2011-11-29,45.912841,45.912841,45.912841,45.912841,1,45.912841
2011-11-28,46.098235,46.098235,46.098235,46.098235,1,46.098235
2011-11-25,46.285281,46.285281,46.285281,46.285281,1,46.285281
2011-11-23,46.473256,46.473256,46.473256,46.473256,1,46.473256
2011-11-22,46.661435,46.661435,46.661435,46.661435,1,46.661435
2011-11-21,46.849092,46.849092,46.849092,46.849092,1,46.849092
2011-11-18,47.035504,47.035504,47.035504,47.035504,1,47.035504
2011-11-17,47.219951,47.219951,47.219951,47.219951,1,47.219951
2011-11-16,47.401721,47.401721,47.401721,47.401721,1,47.401721
2011-11-15,47.580114,47.580114,47.580114,47.580114,1,47.580114
2011-11-14,47.754440,47.754440,47.754440,47.754440,1,47.754440
2011-11-11,47.924028,47.924028,47.924028,47.924028,1,47.924028
2011-11-10,48.088223,48.088223,48.088223,48.088223,1,48.088223
2011-11-09,48.246392,48.246392,48.246392,48.246392,1,48.246392
2011-11-08,48.397924,48.397924,48.397924,48.397924,1,48.397924
2011-11-07,48.542235,48.542235,48.542235,48.542235,1,48.542235
2011-11-04,48.678767,48.678767,48.678767,48.678767,1,48.678767
2011-11-03,48.806996,48.806996,48.806996,48.806996,1,48.806996
2011-11-02,48.926424,48.926424,48.926424,48.926424,1,48.926424
2011-11-01,49.036593,49.036593,49.036593,49.036593,1,49.036593
2011-10-31,49.137076,49.137076,49.137076,49.137076,1,49.137076
2011-10-28,49.227486,49.227486,49.227486,49.227486,1,49.227486
2011-10-27,49.307475,49.307475,49.307475,49.307475,1,49.307475
2011-10-26,49.376733,49.376733,49.376733,49.376733,1,49.376733
2011-10-25,49.434994,49.434994,49.434994,49.434994,1,49.434994
2011-10-24,49.482033,49.482033,49.482033,49.482033,1,49.482033
2011-10-21,49.517667,49.517667,49.517667,49.517667,1,49.517667
2011-10-20,49.541761,49.541761,49.541761,49.541761,1,49.541761
2011-10-19,49.554220,49.554220,49.554220,49.554220,1,49.554220
2011-10-18,49.554997,49.554997,49.554997,49.554997,1,49.554997
2011-10-17,49.544089,49.544089,49.544089,49.544089,1,49.544089
2011-10-14,49.521538,49.521538,49.521538,49.521538,1,49.521538
2011-10-13,49.487430,49.487430,49.487430,49.487430,1,49.487430
2011-10-12,49.441898,49.441898,49.441898,49.441898,1,49.441898
2011-10-11,49.385117,49.385117,49.385117,49.385117,1,49.385117
2011-10-10,49.317306,49.317306,49.317306,49.317306,1,49.317306
2011-10-07,49.238727,49.238727,49.238727,49.238727,1,49.238727
2011-10-06,49.149683,49.149683,49.149683,49.149683,1,49.149683
2011-10-05,49.050517,49.050517,49.050517,49.050517,1,49.050517
2011-10-04,48.941612,48.941612,48.941612,48.941612,1,48.941612
2011-10-03,48.823389,48.823389,48.823389,48.823389,1,48.823389
2011-09-30,48.696302,48.696302,48.696302,48.696302,1,48.696302
2011-09-29,48.560844,48.560844,48.560844,48.560844,1,48.560844
2011-09-28,48.417536,48.417536,48.417536,48.417536,1,48.417536
2011-09-27,48.266930,48.266930,48.266930,48.266930,1,48.266930
2011-09-26,48.109609,48.109609,48.109609,48.109609,1,48.109609
2011-09-23,47.946179,47.946179,47.946179,47.946179,1,47.946179
2011-09-22,47.777271,47.777271,47.777271,47.777271,1,47.777271
2011-09-21,47.603536,47.603536,47.603536,47.603536,1,47.603536
2011-09-20,47.425645,47.425645,47.425645,47.425645,1,47.425645
2011-09-19,47.244283,47.244283,47.244283,47.244283,1,47.244283
2011-09-16,47.060151,47.060151,47.060151,47.060151,1,47.060151
2011-09-15,46.873959,46.873959,46.873959,46.873959,1,46.873959
2011-09-14,46.686426,46.686426,46.686426,46.686426,1,46.686426
2011-09-13,46.498274,46.498274,46.498274,46.498274,1,46.498274
2011-09-12,46.310230,46.310230,46.310230,46.310230,1,46.310230
2011-09-09,46.123019,46.123019,46.123019,46.123019,1,46.123019
2011-09-08,45.937364,45.937364,45.937364,45.937364,1,45.937364
2011-09-07,45.753981,45.753981,45.753981,45.753981,1,45.753981
2011-09-06,45.573577,45.573577,45.573577,45.573577,1,45.573577
2011-09-02,45.396848,45.396848,45.396848,45.396848,1,45.396848
2011-09-01,45.224476,45.224476,45.224476,45.224476,1,45.224476
2011-08-31,45.057126,45.057126,45.057126,45.057126,1,45.057126
2011-08-30,44.895444,44.895444,44.895444,44.895444,1,44.895444
2011-08-29,44.740054,44.740054,44.740054,44.740054,1,44.740054
2011-08-26,44.591555,44.591555,44.591555,44.591555,1,44.591555
2011-08-25,44.450519,44.450519,44.450519,44.450519,1,44.450519
2011-08-24,44.317492,44.317492,44.317492,44.317492,1,44.317492
2011-08-23,44.192986,44.192986,44.192986,44.192986,1,44.192986
2011-08-22,44.077482,44.077482,44.077482,44.077482,1,44.077482
2011-08-19,43.971425,43.971425,43.971425,43.971425,1,43.971425
2011-08-18,43.875225,43.875225,43.875225,43.875225,1,43.875225
2011-08-17,43.789252,43.789252,43.789252,43.789252,1,43.789252
2011-08-16,43.713838,43.713838,43.713838,43.713838,1,43.713838
2011-08-15,43.649275,43.649275,43.649275,43.649275,1,43.649275
2011-08-12,43.595811,43.595811,43.595811,43.595811,1,43.595811
2011-08-11,43.553653,43.553653,43.553653,43.553653,1,43.553653
2011-08-10,43.522963,43.522963,43.522963,43.522963,1,43.522963
2011-08-09,43.503859,43.503859,43.503859,43.503859,1,43.503859
2011-08-08,43.496416,43.496416,43.496416,43.496416,1,43.496416
2011-08-05,43.500662,43.500662,43.500662,43.500662,1,43.500662
2011-08-04,43.516581,43.516581,43.516581,43.516581,1,43.516581
2011-08-03,43.544111,43.544111,43.544111,43.544111,1,43.544111
2011-08-02,43.583146,43.583146,43.583146,43.583146,1,43.583146
2011-08-01,43.633536,43.633536,43.633536,43.633536,1,43.633536
2011-07-29,43.695086,43.695086,43.695086,43.695086,1,43.695086
2011-07-28,43.767558,43.767558,43.767558,43.767558,1,43.767558
2011-07-27,43.850673,43.850673,43.850673,43.850673,1,43.850673
2011-07-26,43.944111,43.944111,43.944111,43.944111,1,43.944111
2011-07-25,44.047510,44.047510,44.047510,44.047510,1,44.047510
2011-07-22,44.160473,44.160473,44.160473,44.160473,1,44.160473
2011-07-21,44.282562,44.282562,44.282562,44.282562,1,44.282562
2011-07-20,44.413308,44.413308,44.413308,44.413308,1,44.413308
2011-07-19,44.552205,44.552205,44.552205,44.552205,1,44.552205
2011-07-18,44.698718,44.698718,44.698718,44.698718,1,44.698718
2011-07-15,44.852282,44.852282,44.852282,44.852282,1,44.852282
2011-07-14,45.012303,45.012303,45.012303,45.012303,1,45.012303
2011-07-13,45.178166,45.178166,45.178166,45.178166,1,45.178166
2011-07-12,45.349229,45.349229,45.349229,45.349229,1,45.349229
2011-07-11,45.524833,45.524833,45.524833,45.524833,1,45.524833
2011-07-08,45.704300,45.704300,45.704300,45.704300,1,45.704300
2011-07-07,45.886938,45.886938,45.886938,45.886938,1,45.886938
2011-07-06,46.072043,46.072043,46.072043,46.072043,1,46.072043
2011-07-05,46.258900,46.258900,46.258900,46.258900,1,46.258900
2011-07-01,46.446788,46.446788,46.446788,46.446788,1,46.446788
2011-06-30,46.634982,46.634982,46.634982,46.634982,1,46.634982
2011-06-29,46.822757,46.822757,46.822757,46.822757,1,46.822757
2011-06-28,47.009387,47.009387,47.009387,47.009387,1,47.009387
2011-06-27,47.194154,47.194154,47.194154,47.194154,1,47.194154
2011-06-24,47.376343,47.376343,47.376343,47.376343,1,47.376343
2011-06-23,47.555253,47.555253,47.555253,47.555253,1,47.555253
2011-06-22,47.730192,47.730192,47.730192,47.730192,1,47.730192
2011-06-21,47.900487,47.900487,47.900487,47.900487,1,47.900487
2011-06-20,48.065479,48.065479,48.065479,48.065479,1,48.065479
2011-06-17,48.224533,48.224533,48.224533,48.224533,1,48.224533
2011-06-16,48.377034,48.377034,48.377034,48.377034,1,48.377034
2011-06-15,48.522395,48.522395,48.522395,48.522395,1,48.522395
2011-06-14,48.660054,48.660054,48.660054,48.660054,1,48.660054
2011-06-13,48.789481,48.789481,48.789481,48.789481,1,48.789481
2011-06-10,48.910176,48.910176,48.910176,48.910176,1,48.910176
2011-06-09,49.021673,49.021673,49.021673,49.021673,1,49.021673
2011-06-08,49.123543,49.123543,49.123543,49.123543,1,49.123543
2011-06-07,49.215392,49.215392,49.215392,49.215392,1,49.215392
2011-06-06,49.296866,49.296866,49.296866,49.296866,1,49.296866
2011-06-03,49.367651,49.367651,49.367651,49.367651,1,49.367651
2011-06-02,49.427473,49.427473,49.427473,49.427473,1,49.427473
2011-06-01,49.476102,49.476102,49.476102,49.476102,1,49.476102
2011-05-31,49.513350,49.513350,49.513350,49.513350,1,49.513350
2011-05-27,49.539074,49.539074,49.539074,49.539074,1,49.539074
2011-05-26,49.553173,49.553173,49.553173,49.553173,1,49.553173
2011-05-25,49.555595,49.555595,49.555595,49.555595,1,49.555595
2011-05-24,49.546328,49.546328,49.546328,49.546328,1,49.546328
2011-05-23,49.525410,49.525410,49.525410,49.525410,1,49.525410
2011-05-20,49.492921,49.492921,49.492921,49.492921,1,49.492921
2011-05-19,49.448986,49.448986,49.448986,49.448986,1,49.448986
2011-05-18,49.393775,49.393775,49.393775,49.393775,1,49.393775
2011-05-17,49.327501,49.327501,49.327501,49.327501,1,49.327501
2011-05-16,49.250419,49.250419,49.250419,49.250419,1,49.250419
2011-05-13,49.162827,49.162827,49.162827,49.162827,1,49.162827
2011-05-12,49.065062,49.065062,49.065062,49.065062,1,49.065062
2011-05-11,48.957503,48.957503,48.957503,48.957503,1,48.957503
2011-05-10,48.840563,48.840563,48.840563,48.840563,1,48.840563
2011-05-09,48.714695,48.714695,48.714695,48.714695,1,48.714695
2011-05-06,48.580383,48.580383,48.580383,48.580383,1,48.580383
2011-05-05,48.438146,48.438146,48.438146,48.438146,1,48.438146
2011-05-04,48.288533,48.288533,48.288533,48.288533,1,48.288533
2011-05-03,48.132120,48.132120,48.132120,48.132120,1,48.132120
2011-05-02,47.969512,47.969512,47.969512,47.969512,1,47.969512
2011-04-29,47.801335,47.801335,47.801335,47.801335,1,47.801335
2011-04-28,47.628239,47.628239,47.628239,47.628239,1,47.628239
2011-04-27,47.450891,47.450891,47.450891,47.450891,1,47.450891
2011-04-26,47.269976,47.269976,47.269976,47.269976,1,47.269976
2011-04-25,47.086191,47.086191,47.086191,47.086191,1,47.086191
2011-04-21,46.900245,46.900245,46.900245,46.900245,1,46.900245
2011-04-20,46.712857,46.712857,46.712857,46.712857,1,46.712857
2011-04-19,46.524748,46.524748,46.524748,46.524748,1,46.524748
2011-04-18,46.336645,46.336645,46.336645,46.336645,1,46.336645
2011-04-15,46.149273,46.149273,46.149273,46.149273,1,46.149273
2011-04-14,45.963356,45.963356,45.963356,45.963356,1,45.963356
2011-04-13,45.779610,45.779610,45.779610,45.779610,1,45.779610
2011-04-12,45.598744,45.598744,45.598744,45.598744,1,45.598744
2011-04-11,45.421457,45.421457,45.421457,45.421457,1,45.421457
2011-04-08,45.248432,45.248432,45.248432,45.248432,1,45.248432
2011-04-07,45.080336,45.080336,45.080336,45.080336,1,45.080336
2011-04-06,44.917819,44.917819,44.917819,44.917819,1,44.917819
2011-04-05,44.761507,44.761507,44.761507,44.761507,1,44.761507
2011-04-04,44.612003,44.612003,44.612003,44.612003,1,44.612003
2011-04-01,44.469884,44.469884,44.469884,44.469884,1,44.469884
2011-03-31,44.335699,44.335699,44.335699,44.335699,1,44.335699
2011-03-30,44.209965,44.209965,44.209965,44.209965,1,44.209965
2011-03-29,44.093167,44.093167,44.093167,44.093167,1,44.093167
2011-03-28,43.985755,43.985755,43.985755,43.985755,1,43.985755
2011-03-25,43.888145,43.888145,43.888145,43.888145,1,43.888145
2011-03-24,43.800713,43.800713,43.800713,43.800713,1,43.800713
2011-03-23,43.723796,43.723796,43.723796,43.723796,1,43.723796
2011-03-22,43.657690,43.657690,43.657690,43.657690,1,43.657690
2011-03-21,43.602652,43.602652,43.602652,43.602652,1,43.602652
2011-03-18,43.558893,43.558893,43.558893,43.558893,1,43.558893
2011-03-17,43.526581,43.526581,43.526581,43.526581,1,43.526581
2011-03-16,43.505843,43.505843,43.505843,43.505843,1,43.505843
2011-03-15,43.496757,43.496757,43.496757,43.496757,1,43.496757
2011-03-14,43.499359,43.499359,43.499359,43.499359,1,43.499359
2011-03-11,43.513639,43.513639,43.513639,43.513639,1,43.513639
2011-03-10,43.539541,43.539541,43.539541,43.539541,1,43.539541
2011-03-09,43.576966,43.576966,43.576966,43.576966,1,43.576966
2011-03-08,43.625769,43.625769,43.625769,43.625769,1,43.625769
2011-03-07,43.685763,43.685763,43.685763,43.685763,1,43.685763
2011-03-04,43.756714,43.756714,43.756714,43.756714,1,43.756714
2011-03-03,43.838351,43.838351,43.838351,43.838351,1,43.838351
2011-03-02,43.930358,43.930358,43.930358,43.930358,1,43.930358
2011-03-01,44.032379,44.032379,44.032379,44.032379,1,44.032379
2011-02-28,44.144022,44.144022,44.144022,44.144022,1,44.144022
2011-02-25,44.264856,44.264856,44.264856,44.264856,1,44.264856
2011-02-24,44.394414,44.394414,44.394414,44.394414,1,44.394414
2011-02-23,44.532196,44.532196,44.532196,44.532196,1,44.532196
2011-02-22,44.677671,44.677671,44.677671,44.677671,1,44.677671
2011-02-18,44.830279,44.830279,44.830279,44.830279,1,44.830279
2011-02-17,44.989429,44.989429,44.989429,44.989429,1,44.989429
2011-02-16,45.154508,45.154508,45.154508,45.154508,1,45.154508
2011-02-15,45.324879,45.324879,45.324879,45.324879,1,45.324879
2011-02-14,45.499885,45.499885,45.499885,45.499885,1,45.499885
2011-02-11,45.678850,45.678850,45.678850,45.678850,1,45.678850
2011-02-10,45.861085,45.861085,45.861085,45.861085,1,45.861085
2011-02-09,46.045885,46.045885,46.045885,46.045885,1,46.045885
2011-02-08,46.232539,46.232539,46.232539,46.232539,1,46.232539
2011-02-07,46.420326,46.420326,46.420326,46.420326,1,46.420326
2011-02-04,46.608521,46.608521,46.608521,46.608521,1,46.608521
2011-02-03,46.796399,46.796399,46.796399,46.796399,1,46.796399
2011-02-02,46.983234,46.983234,46.983234,46.983234,1,46.983234
2011-02-01,47.168306,47.168306,47.168306,47.168306,1,47.168306
2011-01-31,47.350900,47.350900,47.350900,47.350900,1,47.350900
2011-01-28,47.530313,47.530313,47.530313,47.530313,1,47.530313
2011-01-27,47.705852,47.705852,47.705852,47.705852,1,47.705852
2011-01-26,47.876840,47.876840,47.876840,47.876840,1,47.876840
2011-01-25,48.042617,48.042617,48.042617,48.042617,1,48.042617
2011-01-24,48.202544,48.202544,48.202544,48.202544,1,48.202544
2011-01-21,48.356003,48.356003,48.356003,48.356003,1,48.356003
2011-01-20,48.502402,48.502402,48.502402,48.502402,1,48.502402
2011-01-19,48.641178,48.641178,48.641178,48.641178,1,48.641178
2011-01-18,48.771794,48.771794,48.771794,48.771794,1,48.771794
2011-01-14,48.893746,48.893746,48.893746,48.893746,1,48.893746
2011-01-13,49.006563,49.006563,49.006563,49.006563,1,49.006563
2011-01-12,49.109812,49.109812,49.109812,49.109812,1,49.109812
2011-01-11,49.203093,49.203093,49.203093,49.203093,1,49.203093
2011-01-10,49.286046,49.286046,49.286046,49.286046,1,49.286046
2011-01-07,49.358352,49.358352,49.358352,49.358352,1,49.358352
2011-01-06,49.419731,49.419731,49.419731,49.419731,1,49.419731
2011-01-05,49.469946,49.469946,49.469946,49.469946,1,49.469946
2011-01-04,49.508805,49.508805,49.508805,49.508805,1,49.508805
2011-01-03,49.536156,49.536156,49.536156,49.536156,1,49.536156
2010-12-31,49.551895,49.551895,49.551895,49.551895,1,49.551895
2010-12-30,49.555961,49.555961,49.555961,49.555961,1,49.555961
2010-12-29,49.548337,49.548337,49.548337,49.548337,1,49.548337
2010-12-28,49.529054,49.529054,49.529054,49.529054,1,49.529054
2010-12-27,49.498186,49.498186,49.498186,49.498186,1,49.498186
2010-12-23,49.455852,49.455852,49.455852,49.455852,1,49.455852
2010-12-22,49.402215,49.402215,49.402215,49.402215,1,49.402215
2010-12-21,49.337482,49.337482,49.337482,49.337482,1,49.337482
2010-12-20,49.261903,49.261903,49.261903,49.261903,1,49.261903
2010-12-17,49.175770,49.175770,49.175770,49.175770,1,49.175770
2010-12-16,49.079414,49.079414,49.079414,49.079414,1,49.079414
2010-12-15,48.973208,48.973208,48.973208,48.973208,1,48.973208
2010-12-14,48.857561,48.857561,48.857561,48.857561,1,48.857561
2010-12-13,48.732920,48.732920,48.732920,48.732920,1,48.732920
2010-12-10,48.599765,48.599765,48.599765,48.599765,1,48.599765
2010-12-09,48.458610,48.458610,48.458610,48.458610,1,48.458610
2010-12-08,48.310000,48.310000,48.310000,48.310000,1,48.310000
2010-12-07,48.154508,48.154508,48.154508,48.154508,1,48.154508
2010-12-06,47.992734,47.992734,47.992734,47.992734,1,47.992734
2010-12-03,47.825302,47.825302,47.825302,47.825302,1,47.825302
2010-12-02,47.652857,47.652857,47.652857,47.652857,1,47.652857
2010-12-01,47.476067,47.476067,47.476067,47.476067,1,47.476067
2010-11-30,47.295611,47.295611,47.295611,47.295611,1,47.295611
2010-11-29,47.112187,47.112187,47.112187,47.112187,1,47.112187
2010-11-26,46.926502,46.926502,46.926502,46.926502,1,46.926502
2010-11-24,46.739273,46.739273,46.739273,46.739273,1,46.739273
2010-11-23,46.551222,46.551222,46.551222,46.551222,1,46.551222
2010-11-22,46.363074,46.363074,46.363074,46.363074,1,46.363074
2010-11-19,46.175556,46.175556,46.175556,46.175556,1,46.175556
2010-11-18,45.989391,45.989391,45.989391,45.989391,1,45.989391
2010-11-17,45.805296,45.805296,45.805296,45.805296,1,45.805296
2010-11-16,45.623983,45.623983,45.623983,45.623983,1,45.623983
2010-11-15,45.446151,45.446151,45.446151,45.446151,1,45.446151
2010-11-12,45.272485,45.272485,45.272485,45.272485,1,45.272485
2010-11-11,45.103656,45.103656,45.103656,45.103656,1,45.103656
2010-11-10,44.940316,44.940316,44.940316,44.940316,1,44.940316
2010-11-09,44.783094,44.783094,44.783094,44.783094,1,44.783094
2010-11-08,44.632597,44.632597,44.632597,44.632597,1,44.632597
2010-11-05,44.489406,44.489406,44.489406,44.489406,1,44.489406
2010-11-04,44.354073,44.354073,44.354073,44.354073,1,44.354073
2010-11-03,44.227120,44.227120,44.227120,44.227120,1,44.227120
2010-11-02,44.109037,44.109037,44.109037,44.109037,1,44.109037
2010-11-01,44.000280,44.000280,44.000280,44.000280,1,44.000280
2010-10-29,43.901267,43.901267,43.901267,43.901267,1,43.901267
2010-10-28,43.812382,43.812382,43.812382,43.812382,1,43.812382
2010-10-27,43.733967,43.733967,43.733967,43.733967,1,43.733967
2010-10-26,43.666325,43.666325,43.666325,43.666325,1,43.666325
2010-10-25,43.609716,43.609716,43.609716,43.609716,1,43.609716
2010-10-22,43.564359,43.564359,43.564359,43.564359,1,43.564359
2010-10-21,43.530429,43.530429,43.530429,43.530429,1,43.530429
2010-10-20,43.508057,43.508057,43.508057,43.508057,1,43.508057
2010-10-19,43.497329,43.497329,43.497329,43.497329,1,43.497329
2010-10-18,43.498286,43.498286,43.498286,43.498286,1,43.498286
2010-10-15,43.510926,43.510926,43.510926,43.510926,1,43.510926
2010-10-14,43.535199,43.535199,43.535199,43.535199,1,43.535199
2010-10-13,43.571011,43.571011,43.571011,43.571011,1,43.571011
2010-10-12,43.618224,43.618224,43.618224,43.618224,1,43.618224
2010-10-11,43.676656,43.676656,43.676656,43.676656,1,43.676656
2010-10-08,43.746083,43.746083,43.746083,43.746083,1,43.746083
2010-10-07,43.826235,43.826235,43.826235,43.826235,1,43.826235
2010-10-06,43.916803,43.916803,43.916803,43.916803,1,43.916803
2010-10-05,44.017439,44.017439,44.017439,44.017439,1,44.017439
2010-10-04,44.127754,44.127754,44.127754,44.127754,1,44.127754
2010-10-01,44.247322,44.247322,44.247322,44.247322,1,44.247322
2010-09-30,44.375682,44.375682,44.375682,44.375682,1,44.375682
2010-09-29,44.512339,44.512339,44.512339,44.512339,1,44.512339
2010-09-28,44.656766,44.656766,44.656766,44.656766,1,44.656766
2010-09-27,44.808405,44.808405,44.808405,44.808405,1,44.808405
2010-09-24,44.966671,44.966671,44.966671,44.966671,1,44.966671
2010-09-23,45.130954,45.130954,45.130954,45.130954,1,45.130954
2010-09-22,45.300621,45.300621,45.300621,45.300621,1,45.300621
2010-09-21,45.475015,45.475015,45.475015,45.475015,1,45.475015
2010-09-20,45.653465,45.653465,45.653465,45.653465,1,45.653465
2010-09-17,45.835282,45.835282,45.835282,45.835282,1,45.835282
2010-09-16,46.019765,46.019765,46.019765,46.019765,1,46.019765
2010-09-15,46.206201,46.206201,46.206201,46.206201,1,46.206201
2010-09-14,46.393872,46.393872,46.393872,46.393872,1,46.393872
2010-09-13,46.582054,46.582054,46.582054,46.582054,1,46.582054
2010-09-10,46.770020,46.770020,46.770020,46.770020,1,46.770020
2010-09-09,46.957045,46.957045,46.957045,46.957045,1,46.957045
2010-09-08,47.142409,47.142409,47.142409,47.142409,1,47.142409
2010-09-07,47.325395,47.325395,47.325395,47.325395,1,47.325395
2010-09-03,47.505297,47.505297,47.505297,47.505297,1,47.505297
2010-09-02,47.681422,47.681422,47.681422,47.681422,1,47.681422
2010-09-01,47.853090,47.853090,47.853090,47.853090,1,47.853090
2010-08-31,48.019640,48.019640,48.019640,48.019640,1,48.019640
2010-08-30,48.180427,48.180427,48.180427,48.180427,1,48.180427
2010-08-27,48.334832,48.334832,48.334832,48.334832,1,48.334832
2010-08-26,48.482259,48.482259,48.482259,48.482259,1,48.482259
2010-08-25,48.622140,48.622140,48.622140,48.622140,1,48.622140
2010-08-24,48.753935,48.753935,48.753935,48.753935,1,48.753935
2010-08-23,48.877134,48.877134,48.877134,48.877134,1,48.877134
2010-08-20,48.991264,48.991264,48.991264,48.991264,1,48.991264
2010-08-19,49.095884,49.095884,49.095884,49.095884,1,49.095884
2010-08-18,49.190589,49.190589,49.190589,49.190589,1,49.190589
2010-08-17,49.275015,49.275015,49.275015,49.275015,1,49.275015
2010-08-16,49.348836,49.348836,49.348836,49.348836,1,49.348836
2010-08-13,49.411767,49.411767,49.411767,49.411767,1,49.411767
2010-08-12,49.463566,49.463566,49.463566,49.463566,1,49.463566
2010-08-11,49.504032,49.504032,49.504032,49.504032,1,49.504032
2010-08-10,49.533009,49.533009,49.533009,49.533009,1,49.533009
2010-08-09,49.550386,49.550386,49.550386,49.550386,1,49.550386
2010-08-06,49.556095,49.556095,49.556095,49.556095,1,49.556095
2010-08-05,49.550115,49.550115,49.550115,49.550115,1,49.550115
2010-08-04,49.532469,49.532469,49.532469,49.532469,1,49.532469
2010-08-03,49.503224,49.503224,49.503224,49.503224,1,49.503224
2010-08-02,49.462493,49.462493,49.462493,49.462493,1,49.462493
2010-07-30,49.410435,49.410435,49.410435,49.410435,1,49.410435
2010-07-29,49.347248,49.347248,49.347248,49.347248,1,49.347248
2010-07-28,49.273178,49.273178,49.273178,49.273178,1,49.273178
2010-07-27,49.188510,49.188510,49.188510,49.188510,1,49.188510
2010-07-26,49.093571,49.093571,49.093571,49.093571,1,49.093571
2010-07-23,48.988726,48.988726,48.988726,48.988726,1,48.988726
2010-07-22,48.874381,48.874381,48.874381,48.874381,1,48.874381
2010-07-21,48.750977,48.750977,48.750977,48.750977,1,48.750977
2010-07-20,48.618989,48.618989,48.618989,48.618989,1,48.618989
2010-07-19,48.478927,48.478927,48.478927,48.478927,1,48.478927
2010-07-16,48.331332,48.331332,48.331332,48.331332,1,48.331332
2010-07-15,48.176772,48.176772,48.176772,48.176772,1,48.176772
2010-07-14,48.015844,48.015844,48.015844,48.015844,1,48.015844
2010-07-13,47.849169,47.849169,47.849169,47.849169,1,47.849169
2010-07-12,47.677390,47.677390,47.677390,47.677390,1,47.677390
2010-07-09,47.501170,47.501170,47.501170,47.501170,1,47.501170
2010-07-08,47.321188,47.321188,47.321188,47.321188,1,47.321188
2010-07-07,47.138139,47.138139,47.138139,47.138139,1,47.138139
2010-07-06,46.952729,46.952729,46.952729,46.952729,1,46.952729
2010-07-02,46.765674,46.765674,46.765674,46.765674,1,46.765674
2010-07-01,46.577694,46.577694,46.577694,46.577694,1,46.577694
2010-06-30,46.389516,46.389516,46.389516,46.389516,1,46.389516
2010-06-29,46.201866,46.201866,46.201866,46.201866,1,46.201866
2010-06-28,46.015466,46.015466,46.015466,46.015466,1,46.015466
2010-06-25,45.831037,45.831037,45.831037,45.831037,1,45.831037
2010-06-24,45.649290,45.649290,45.649290,45.649290,1,45.649290
2010-06-23,45.470927,45.470927,45.470927,45.470927,1,45.470927
2010-06-22,45.296634,45.296634,45.296634,45.296634,1,45.296634
2010-06-21,45.127085,45.127085,45.127085,45.127085,1,45.127085
2010-06-18,44.962935,44.962935,44.962935,44.962935,1,44.962935
2010-06-17,44.804815,44.804815,44.804815,44.804815,1,44.804815
2010-06-16,44.653336,44.653336,44.653336,44.653336,1,44.653336
2010-06-15,44.509084,44.509084,44.509084,44.509084,1,44.509084
2010-06-14,44.372613,44.372613,44.372613,44.372613,1,44.372613
2010-06-11,44.244451,44.244451,44.244451,44.244451,1,44.244451
2010-06-10,44.125092,44.125092,44.125092,44.125092,1,44.125092
2010-06-09,44.014997,44.014997,44.014997,44.014997,1,44.014997
2010-06-08,43.914590,43.914590,43.914590,43.914590,1,43.914590
2010-06-07,43.824259,43.824259,43.824259,43.824259,1,43.824259
2010-06-04,43.744352,43.744352,43.744352,43.744352,1,43.744352
2010-06-03,43.675177,43.675177,43.675177,43.675177,1,43.675177
2010-06-02,43.617002,43.617002,43.617002,43.617002,1,43.617002
2010-06-01,43.570051,43.570051,43.570051,43.570051,1,43.570051
2010-05-28,43.534505,43.534505,43.534505,43.534505,1,43.534505
2010-05-27,43.510501,43.510501,43.510501,43.510501,1,43.510501
2010-05-26,43.498132,43.498132,43.498132,43.498132,1,43.498132
2010-05-25,43.497445,43.497445,43.497445,43.497445,1,43.497445
2010-05-24,43.508444,43.508444,43.508444,43.508444,1,43.508444
2010-05-21,43.531085,43.531085,43.531085,43.531085,1,43.531085
2010-05-20,43.565281,43.565281,43.565281,43.565281,1,43.565281
2010-05-19,43.610901,43.610901,43.610901,43.610901,1,43.610901
2010-05-18,43.667768,43.667768,43.667768,43.667768,1,43.667768
2010-05-17,43.735663,43.735663,43.735663,43.735663,1,43.735663
2010-05-14,43.814324,43.814324,43.814324,43.814324,1,43.814324
2010-05-13,43.903448,43.903448,43.903448,43.903448,1,43.903448
2010-05-12,44.002690,44.002690,44.002690,44.002690,1,44.002690
2010-05-11,44.111669,44.111669,44.111669,44.111669,1,44.111669
2010-05-10,44.229962,44.229962,44.229962,44.229962,1,44.229962
2010-05-07,44.357115,44.357115,44.357115,44.357115,1,44.357115
2010-05-06,44.492636,44.492636,44.492636,44.492636,1,44.492636
2010-05-05,44.636003,44.636003,44.636003,44.636003,1,44.636003
2010-05-04,44.786663,44.786663,44.786663,44.786663,1,44.786663
2010-05-03,44.944033,44.944033,44.944033,44.944033,1,44.944033
2010-04-30,45.107508,45.107508,45.107508,45.107508,1,45.107508
2010-04-29,45.276456,45.276456,45.276456,45.276456,1,45.276456
2010-04-28,45.450226,45.450226,45.450226,45.450226,1,45.450226
2010-04-27,45.628146,45.628146,45.628146,45.628146,1,45.628146
2010-04-26,45.809532,45.809532,45.809532,45.809532,1,45.809532
2010-04-23,45.993682,45.993682,45.993682,45.993682,1,45.993682
2010-04-22,46.179887,46.179887,46.179887,46.179887,1,46.179887
2010-04-21,46.367429,46.367429,46.367429,46.367429,1,46.367429
2010-04-20,46.555582,46.555582,46.555582,46.555582,1,46.555582
2010-04-19,46.743623,46.743623,46.743623,46.743623,1,46.743623
2010-04-16,46.930824,46.930824,46.930824,46.930824,1,46.930824
2010-04-15,47.116464,47.116464,47.116464,47.116464,1,47.116464
2010-04-14,47.299828,47.299828,47.299828,47.299828,1,47.299828
2010-04-13,47.480206,47.480206,47.480206,47.480206,1,47.480206
2010-04-12,47.656904,47.656904,47.656904,47.656904,1,47.656904
2010-04-09,47.829240,47.829240,47.829240,47.829240,1,47.829240
2010-04-08,47.996548,47.996548,47.996548,47.996548,1,47.996548
2010-04-07,48.158184,48.158184,48.158184,48.158184,1,48.158184
2010-04-06,48.313523,48.313523,48.313523,48.313523,1,48.313523
2010-04-05,48.461967,48.461967,48.461967,48.461967,1,48.461967
2010-04-01,48.602942,48.602942,48.602942,48.602942,1,48.602942
2010-03-31,48.735906,48.735906,48.735906,48.735906,1,48.735906
2010-03-30,48.860344,48.860344,48.860344,48.860344,1,48.860344
2010-03-29,48.975777,48.975777,48.975777,48.975777,1,48.975777
2010-03-26,49.081759,49.081759,49.081759,49.081759,1,49.081759
2010-03-25,49.177882,49.177882,49.177882,49.177882,1,49.177882
2010-03-24,49.263774,49.263774,49.263774,49.263774,1,49.263774
2010-03-23,49.339105,49.339105,49.339105,49.339105,1,49.339105
2010-03-22,49.403584,49.403584,49.403584,49.403584,1,49.403584
2010-03-19,49.456961,49.456961,49.456961,49.456961,1,49.456961
2010-03-18,49.499031,49.499031,49.499031,49.499031,1,49.499031
2010-03-17,49.529632,49.529632,49.529632,49.529632,1,49.529632
2010-03-16,49.548646,49.548646,49.548646,49.548646,1,49.548646
2010-03-15,49.555999,49.555999,49.555999,49.555999,1,49.555999
2010-03-12,49.551662,49.551662,49.551662,49.551662,1,49.551662
2010-03-11,49.535654,49.535654,49.535654,49.535654,1,49.535654
2010-03-10,49.508034,49.508034,49.508034,49.508034,1,49.508034
2010-03-09,49.468911,49.468911,49.468911,49.468911,1,49.468911
2010-03-08,49.418434,49.418434,49.418434,49.418434,1,49.418434
2010-03-05,49.356799,49.356799,49.356799,49.356799,1,49.356799
2010-03-04,49.284244,49.284244,49.284244,49.284244,1,49.284244
2010-03-03,49.201048,49.201048,49.201048,49.201048,1,49.201048
2010-03-02,49.107532,49.107532,49.107532,49.107532,1,49.107532
2010-03-01,49.004057,49.004057,49.004057,49.004057,1,49.004057
2010-02-26,48.891022,48.891022,48.891022,48.891022,1,48.891022
2010-02-25,48.768864,48.768864,48.768864,48.768864,1,48.768864
2010-02-24,48.638053,48.638053,48.638053,48.638053,1,48.638053
2010-02-23,48.499095,48.499095,48.499095,48.499095,1,48.499095
2010-02-22,48.352526,48.352526,48.352526,48.352526,1,48.352526
2010-02-19,48.198910,48.198910,48.198910,48.198910,1,48.198910
2010-02-18,48.038841,48.038841,48.038841,48.038841,1,48.038841
2010-02-17,47.872936,47.872936,47.872936,47.872936,1,47.872936
2010-02-16,47.701835,47.701835,47.701835,47.701835,1,47.701835
2010-02-12,47.526198,47.526198,47.526198,47.526198,1,47.526198
2010-02-11,47.346704,47.346704,47.346704,47.346704,1,47.346704
2010-02-10,47.164044,47.164044,47.164044,47.164044,1,47.164044
2010-02-09,46.978923,46.978923,46.978923,46.978923,1,46.978923
2010-02-08,46.792056,46.792056,46.792056,46.792056,1,46.792056
2010-02-05,46.604162,46.604162,46.604162,46.604162,1,46.604162
2010-02-04,46.415968,46.415968,46.415968,46.415968,1,46.415968
2010-02-03,46.228200,46.228200,46.228200,46.228200,1,46.228200
2010-02-02,46.041581,46.041581,46.041581,46.041581,1,46.041581
2010-02-01,45.856832,45.856832,45.856832,45.856832,1,45.856832
2010-01-29,45.674665,45.674665,45.674665,45.674665,1,45.674665
2010-01-28,45.495783,45.495783,45.495783,45.495783,1,45.495783
2010-01-27,45.320877,45.320877,45.320877,45.320877,1,45.320877
2010-01-26,45.150621,45.150621,45.150621,45.150621,1,45.150621
2010-01-25,44.985672,44.985672,44.985672,44.985672,1,44.985672
2010-01-22,44.826667,44.826667,44.826667,44.826667,1,44.826667
2010-01-21,44.674219,44.674219,44.674219,44.674219,1,44.674219
2010-01-20,44.528915,44.528915,44.528915,44.528915,1,44.528915
2010-01-19,44.391317,44.391317,44.391317,44.391317,1,44.391317
2010-01-15,44.261956,44.261956,44.261956,44.261956,1,44.261956
2010-01-14,44.141330,44.141330,44.141330,44.141330,1,44.141330
2010-01-13,44.029906,44.029906,44.029906,44.029906,1,44.029906
2010-01-12,43.928112,43.928112,43.928112,43.928112,1,43.928112
2010-01-11,43.836341,43.836341,43.836341,43.836341,1,43.836341
2010-01-08,43.754949,43.754949,43.754949,43.754949,1,43.754949
2010-01-07,43.684248,43.684248,43.684248,43.684248,1,43.684248
2010-01-06,43.624511,43.624511,43.624511,43.624511,1,43.624511
2010-01-05,43.575970,43.575970,43.575970,43.575970,1,43.575970
2010-01-04,43.538810,43.538810,43.538810,43.538810,1,43.538810
2009-12-31,43.513176,43.513176,43.513176,43.513176,1,43.513176
2009-12-30,43.499166,43.499166,43.499166,43.499166,1,43.499166
2009-12-29,43.496835,43.496835,43.496835,43.496835,1,43.496835
2009-12-28,43.506192,43.506192,43.506192,43.506192,1,43.506192
2009-12-24,43.527199,43.527199,43.527199,43.527199,1,43.527199
2009-12-23,43.559777,43.559777,43.559777,43.559777,1,43.559777
2009-12-22,43.603800,43.603800,43.603800,43.603800,1,43.603800
2009-12-21,43.659097,43.659097,43.659097,43.659097,1,43.659097
2009-12-18,43.725456,43.725456,43.725456,43.725456,1,43.725456
2009-12-17,43.802621,43.802621,43.802621,43.802621,1,43.802621
2009-12-16,43.890293,43.890293,43.890293,43.890293,1,43.890293
2009-12-15,43.988134,43.988134,43.988134,43.988134,1,43.988134
2009-12-14,44.095768,44.095768,44.095768,44.095768,1,44.095768
2009-12-11,44.212778,44.212778,44.212778,44.212778,1,44.212778
2009-12-10,44.338714,44.338714,44.338714,44.338714,1,44.338714
2009-12-09,44.473089,44.473089,44.473089,44.473089,1,44.473089
2009-12-08,44.615385,44.615385,44.615385,44.615385,1,44.615385
2009-12-07,44.765053,44.765053,44.765053,44.765053,1,44.765053
2009-12-04,44.921516,44.921516,44.921516,44.921516,1,44.921516
2009-12-03,45.084169,45.084169,45.084169,45.084169,1,45.084169
2009-12-02,45.252387,45.252387,45.252387,45.252387,1,45.252387
2009-12-01,45.425518,45.425518,45.425518,45.425518,1,45.425518
2009-11-30,45.602896,45.602896,45.602896,45.602896,1,45.602896
2009-11-27,45.783837,45.783837,45.783837,45.783837,1,45.783837
2009-11-25,45.967641,45.967641,45.967641,45.967641,1,45.967641
2009-11-24,46.153600,46.153600,46.153600,46.153600,1,46.153600
2009-11-23,46.340997,46.340997,46.340997,46.340997,1,46.340997
2009-11-20,46.529108,46.529108,46.529108,46.529108,1,46.529108
2009-11-19,46.717209,46.717209,46.717209,46.717209,1,46.717209
2009-11-18,46.904572,46.904572,46.904572,46.904572,1,46.904572
2009-11-17,47.090475,47.090475,47.090475,47.090475,1,47.090475
2009-11-16,47.274202,47.274202,47.274202,47.274202,1,47.274202
2009-11-13,47.455042,47.455042,47.455042,47.455042,1,47.455042
2009-11-12,47.632299,47.632299,47.632299,47.632299,1,47.632299
2009-11-11,47.805289,47.805289,47.805289,47.805289,1,47.805289
2009-11-10,47.973344,47.973344,47.973344,47.973344,1,47.973344
2009-11-09,48.135816,48.135816,48.135816,48.135816,1,48.135816
2009-11-06,48.292078,48.292078,48.292078,48.292078,1,48.292078
2009-11-05,48.441527,48.441527,48.441527,48.441527,1,48.441527
2009-11-04,48.583586,48.583586,48.583586,48.583586,1,48.583586
2009-11-03,48.717708,48.717708,48.717708,48.717708,1,48.717708
2009-11-02,48.843375,48.843375,48.843375,48.843375,1,48.843375
2009-10-30,48.960102,48.960102,48.960102,48.960102,1,48.960102
2009-10-29,49.067439,49.067439,49.067439,49.067439,1,49.067439
2009-10-28,49.164972,49.164972,49.164972,49.164972,1,49.164972
2009-10-27,49.252325,49.252325,49.252325,49.252325,1,49.252325
2009-10-26,49.329160,49.329160,49.329160,49.329160,1,49.329160
2009-10-23,49.395180,49.395180,49.395180,49.395180,1,49.395180
2009-10-22,49.450133,49.450133,49.450133,49.450133,1,49.450133
2009-10-21,49.493804,49.493804,49.493804,49.493804,1,49.493804
2009-10-20,49.526026,49.526026,49.526026,49.526026,1,49.526026
2009-10-19,49.546675,49.546675,49.546675,49.546675,1,49.546675
2009-10-16,49.555671,49.555671,49.555671,49.555671,1,49.555671
2009-10-15,49.552979,49.552979,49.552979,49.552979,1,49.552979
2009-10-14,49.538609,49.538609,49.538609,49.538609,1,49.538609
2009-10-13,49.512617,49.512617,49.512617,49.512617,1,49.512617
2009-10-12,49.475104,49.475104,49.475104,49.475104,1,49.475104
2009-10-09,49.426213,49.426213,49.426213,49.426213,1,49.426213
2009-10-08,49.366134,49.366134,49.366134,49.366134,1,49.366134
2009-10-07,49.295099,49.295099,49.295099,49.295099,1,49.295099
2009-10-06,49.213381,49.213381,49.213381,49.213381,1,49.213381
2009-10-05,49.121295,49.121295,49.121295,49.121295,1,49.121295
2009-10-02,49.019198,49.019198,49.019198,49.019198,1,49.019198
2009-10-01,48.907482,48.907482,48.907482,48.907482,1,48.907482
2009-09-30,48.786580,48.786580,48.786580,48.786580,1,48.786580
2009-09-29,48.656956,48.656956,48.656956,48.656956,1,48.656956
2009-09-28,48.519112,48.519112,48.519112,48.519112,1,48.519112
2009-09-25,48.373580,48.373580,48.373580,48.373580,1,48.373580
2009-09-24,48.220920,48.220920,48.220920,48.220920,1,48.220920
2009-09-23,48.061722,48.061722,48.061722,48.061722,1,48.061722
2009-09-22,47.896599,47.896599,47.896599,47.896599,1,47.896599
2009-09-21,47.726190,47.726190,47.726190,47.726190,1,47.726190
2009-09-18,47.551151,47.551151,47.551151,47.551151,1,47.551151
2009-09-17,47.372157,47.372157,47.372157,47.372157,1,47.372157
2009-09-16,47.189900,47.189900,47.189900,47.189900,1,47.189900
2009-09-15,47.005082,47.005082,47.005082,47.005082,1,47.005082
2009-09-14,46.818417,46.818417,46.818417,46.818417,1,46.818417
2009-09-11,46.630625,46.630625,46.630625,46.630625,1,46.630625
2009-09-10,46.442429,46.442429,46.442429,46.442429,1,46.442429
2009-09-09,46.254557,46.254557,46.254557,46.254557,1,46.254557
2009-09-08,46.067732,46.067732,46.067732,46.067732,1,46.067732
2009-09-04,45.882677,45.882677,45.882677,45.882677,1,45.882677
2009-09-03,45.700104,45.700104,45.700104,45.700104,1,45.700104
2009-09-02,45.520719,45.520719,45.520719,45.520719,1,45.520719
2009-09-01,45.345212,45.345212,45.345212,45.345212,1,45.345212
2009-08-31,45.174262,45.174262,45.174262,45.174262,1,45.174262
2009-08-28,45.008528,45.008528,45.008528,45.008528,1,45.008528
2009-08-27,44.848649,44.848649,44.848649,44.848649,1,44.848649
2009-08-26,44.695242,44.695242,44.695242,44.695242,1,44.695242
2009-08-25,44.548899,44.548899,44.548899,44.548899,1,44.548899
2009-08-24,44.410185,44.410185,44.410185,44.410185,1,44.410185
2009-08-21,44.279634,44.279634,44.279634,44.279634,1,44.279634
2009-08-20,44.157751,44.157751,44.157751,44.157751,1,44.157751
2009-08-19,44.045005,44.045005,44.045005,44.045005,1,44.045005
2009-08-18,43.941832,43.941832,43.941832,43.941832,1,43.941832
2009-08-17,43.848630,43.848630,43.848630,43.848630,1,43.848630
2009-08-14,43.765757,43.765757,43.765757,43.765757,1,43.765757
2009-08-13,43.693535,43.693535,43.693535,43.693535,1,43.693535
2009-08-12,43.632242,43.632242,43.632242,43.632242,1,43.632242
2009-08-11,43.582113,43.582113,43.582113,43.582113,1,43.582113
2009-08-10,43.543343,43.543343,43.543343,43.543343,1,43.543343
2009-08-07,43.516081,43.516081,43.516081,43.516081,1,43.516081
2009-08-06,43.500432,43.500432,43.500432,43.500432,1,43.500432
2009-08-05,43.496456,43.496456,43.496456,43.496456,1,43.496456
2009-08-04,43.504170,43.504170,43.504170,43.504170,1,43.504170
2009-08-03,43.523543,43.523543,43.523543,43.523543,1,43.523543
2009-07-31,43.554500,43.554500,43.554500,43.554500,1,43.554500
2009-07-30,43.596922,43.596922,43.596922,43.596922,1,43.596922
2009-07-29,43.650646,43.650646,43.650646,43.650646,1,43.650646
2009-07-28,43.715463,43.715463,43.715463,43.715463,1,43.715463
2009-07-27,43.791125,43.791125,43.791125,43.791125,1,43.791125
2009-07-24,43.877339,43.877339,43.877339,43.877339,1,43.877339
2009-07-23,43.973772,43.973772,43.973772,43.973772,1,43.973772
2009-07-22,44.080052,44.080052,44.080052,44.080052,1,44.080052
2009-07-21,44.195770,44.195770,44.195770,44.195770,1,44.195770
2009-07-20,44.320479,44.320479,44.320479,44.320479,1,44.320479
2009-07-17,44.453698,44.453698,44.453698,44.453698,1,44.453698
2009-07-16,44.594912,44.594912,44.594912,44.594912,1,44.594912
2009-07-15,44.743578,44.743578,44.743578,44.743578,1,44.743578
2009-07-14,44.899121,44.899121,44.899121,44.899121,1,44.899121
2009-07-13,45.060941,45.060941,45.060941,45.060941,1,45.060941
2009-07-10,45.228415,45.228415,45.228415,45.228415,1,45.228415
2009-07-09,45.400895,45.400895,45.400895,45.400895,1,45.400895
2009-07-08,45.577717,45.577717,45.577717,45.577717,1,45.577717
2009-07-07,45.758198,45.758198,45.758198,45.758198,1,45.758198
2009-07-06,45.941642,45.941642,45.941642,45.941642,1,45.941642
2009-07-02,46.127341,46.127341,46.127341,46.127341,1,46.127341
2009-07-01,46.314580,46.314580,46.314580,46.314580,1,46.314580
2009-06-30,46.502634,46.502634,46.502634,46.502634,1,46.502634
2009-06-29,46.690780,46.690780,46.690780,46.690780,1,46.690780
2009-06-26,46.878291,46.878291,46.878291,46.878291,1,46.878291
2009-06-25,47.064443,47.064443,47.064443,47.064443,1,47.064443
2009-06-24,47.248519,47.248519,47.248519,47.248519,1,47.248519
2009-06-23,47.429808,47.429808,47.429808,47.429808,1,47.429808
2009-06-22,47.607610,47.607610,47.607610,47.607610,1,47.607610
2009-06-19,47.781241,47.781241,47.781241,47.781241,1,47.781241
2009-06-18,47.950030,47.950030,47.950030,47.950030,1,47.950030
2009-06-17,48.113325,48.113325,48.113325,48.113325,1,48.113325
2009-06-16,48.270497,48.270497,48.270497,48.270497,1,48.270497
2009-06-15,48.420940,48.420940,48.420940,48.420940,1,48.420940
2009-06-12,48.564073,48.564073,48.564073,48.564073,1,48.564073
2009-06-11,48.699343,48.699343,48.699343,48.699343,1,48.699343
2009-06-10,48.826229,48.826229,48.826229,48.826229,1,48.826229
2009-06-09,48.944242,48.944242,48.944242,48.944242,1,48.944242
2009-06-08,49.052926,49.052926,49.052926,49.052926,1,49.052926
2009-06-05,49.151861,49.151861,49.151861,49.151861,1,49.151861
2009-06-04,49.240667,49.240667,49.240667,49.240667,1,49.240667
2009-06-03,49.319000,49.319000,49.319000,49.319000,1,49.319000
2009-06-02,49.386558,49.386558,49.386558,49.386558,1,49.386558
2009-06-01,49.443081,49.443081,49.443081,49.443081,1,49.443081
2009-05-29,49.488350,49.488350,49.488350,49.488350,1,49.488350
2009-05-28,49.522191,49.522191,49.522191,49.522191,1,49.522191
2009-05-27,49.544474,49.544474,49.544474,49.544474,1,49.544474
2009-05-26,49.555112,49.555112,49.555112,49.555112,1,49.555112
2009-05-22,49.554064,49.554064,49.554064,49.554064,1,49.554064
2009-05-21,49.541334,49.541334,49.541334,49.541334,1,49.541334
2009-05-20,49.516972,49.516972,49.516972,49.516972,1,49.516972
2009-05-19,49.481071,49.481071,49.481071,49.481071,1,49.481071
2009-05-18,49.433771,49.433771,49.433771,49.433771,1,49.433771
2009-05-15,49.375252,49.375252,49.375252,49.375252,1,49.375252
2009-05-14,49.305742,49.305742,49.305742,49.305742,1,49.305742
2009-05-13,49.225509,49.225509,49.225509,49.225509,1,49.225509
2009-05-12,49.134861,49.134861,49.134861,49.134861,1,49.134861
2009-05-11,49.034149,49.034149,49.034149,49.034149,1,49.034149
2009-05-08,48.923761,48.923761,48.923761,48.923761,1,48.923761
2009-05-07,48.804123,48.804123,48.804123,48.804123,1,48.804123
2009-05-06,48.675697,48.675697,48.675697,48.675697,1,48.675697
2009-05-05,48.538978,48.538978,48.538978,48.538978,1,48.538978
2009-05-04,48.394493,48.394493,48.394493,48.394493,1,48.394493
2009-05-01,48.242801,48.242801,48.242801,48.242801,1,48.242801
2009-04-30,48.084485,48.084485,48.084485,48.084485,1,48.084485
2009-04-29,47.920158,47.920158,47.920158,47.920158,1,47.920158
2009-04-28,47.750453,47.750453,47.750453,47.750453,1,47.750453
2009-04-27,47.576025,47.576025,47.576025,47.576025,1,47.576025
2009-04-24,47.397546,47.397546,47.397546,47.397546,1,47.397546
2009-04-23,47.215706,47.215706,47.215706,47.215706,1,47.215706
2009-04-22,47.031205,47.031205,47.031205,47.031205,1,47.031205
2009-04-21,46.844757,46.844757,46.844757,46.844757,1,46.844757
2009-04-20,46.657079,46.657079,46.657079,46.657079,1,46.657079
2009-04-17,46.468896,46.468896,46.468896,46.468896,1,46.468896
2009-04-16,46.280934,46.280934,46.280934,46.280934,1,46.280934
2009-04-15,46.093919,46.093919,46.093919,46.093919,1,46.093919
2009-04-14,45.908571,45.908571,45.908571,45.908571,1,45.908571
2009-04-13,45.725607,45.725607,45.725607,45.725607,1,45.725607
2009-04-09,45.545731,45.545731,45.545731,45.545731,1,45.545731
2009-04-08,45.369637,45.369637,45.369637,45.369637,1,45.369637
2009-04-07,45.198006,45.198006,45.198006,45.198006,1,45.198006
2009-04-06,45.031499,45.031499,45.031499,45.031499,1,45.031499
2009-04-03,44.870759,44.870759,44.870759,44.870759,1,44.870759
2009-04-02,44.716405,44.716405,44.716405,44.716405,1,44.716405
2009-04-01,44.569034,44.569034,44.569034,44.569034,1,44.569034
2009-03-31,44.429214,44.429214,44.429214,44.429214,1,44.429214
2009-03-30,44.297484,44.297484,44.297484,44.297484,1,44.297484
2009-03-27,44.174352,44.174352,44.174352,44.174352,1,44.174352
2009-03-26,44.060294,44.060294,44.060294,44.060294,1,44.060294
2009-03-25,43.955750,43.955750,43.955750,43.955750,1,43.955750
2009-03-24,43.861122,43.861122,43.861122,43.861122,1,43.861122
2009-03-23,43.776777,43.776777,43.776777,43.776777,1,43.776777
2009-03-20,43.703039,43.703039,43.703039,43.703039,1,43.703039
2009-03-19,43.640193,43.640193,43.640193,43.640193,1,43.640193
2009-03-18,43.588481,43.588481,43.588481,43.588481,1,43.588481
2009-03-17,43.548103,43.548103,43.548103,43.548103,1,43.548103
2009-03-16,43.519215,43.519215,43.519215,43.519215,1,43.519215
2009-03-13,43.501928,43.501928,43.501928,43.501928,1,43.501928
2009-03-12,43.496309,43.496309,43.496309,43.496309,1,43.496309
2009-03-11,43.502379,43.502379,43.502379,43.502379,1,43.502379
2009-03-10,43.520116,43.520116,43.520116,43.520116,1,43.520116
2009-03-09,43.549450,43.549450,43.549450,43.549450,1,43.549450
2009-03-06,43.590268,43.590268,43.590268,43.590268,1,43.590268
2009-03-05,43.642414,43.642414,43.642414,43.642414,1,43.642414
2009-03-04,43.705685,43.705685,43.705685,43.705685,1,43.705685
2009-03-03,43.779838,43.779838,43.779838,43.779838,1,43.779838
2009-03-02,43.864587,43.864587,43.864587,43.864587,1,43.864587
2009-02-27,43.959604,43.959604,43.959604,43.959604,1,43.959604
2009-02-26,44.064524,44.064524,44.064524,44.064524,1,44.064524
2009-02-25,44.178940,44.178940,44.178940,44.178940,1,44.178940
2009-02-24,44.302413,44.302413,44.302413,44.302413,1,44.302413
2009-02-23,44.434465,44.434465,44.434465,44.434465,1,44.434465
2009-02-20,44.574587,44.574587,44.574587,44.574587,1,44.574587
2009-02-19,44.722239,44.722239,44.722239,44.722239,1,44.722239
2009-02-18,44.876850,44.876850,44.876850,44.876850,1,44.876850
2009-02-17,45.037825,45.037825,45.037825,45.037825,1,45.037825
2009-02-13,45.204542,45.204542,45.204542,45.204542,1,45.204542
2009-02-12,45.376358,45.376358,45.376358,45.376358,1,45.376358
2009-02-11,45.552610,45.552610,45.552610,45.552610,1,45.552610
2009-02-10,45.732618,45.732618,45.732618,45.732618,1,45.732618
2009-02-09,45.915688,45.915688,45.915688,45.915688,1,45.915688
2009-02-06,46.101113,46.101113,46.101113,46.101113,1,46.101113
2009-02-05,46.288178,46.288178,46.288178,46.288178,1,46.288178
2009-02-04,46.476162,46.476162,46.476162,46.476162,1,46.476162
2009-02-03,46.664339,46.664339,46.664339,46.664339,1,46.664339
2009-02-02,46.851983,46.851983,46.851983,46.851983,1,46.851983
2009-01-30,47.038369,47.038369,47.038369,47.038369,1,47.038369
2009-01-29,47.222780,47.222780,47.222780,47.222780,1,47.222780
2009-01-28,47.404504,47.404504,47.404504,47.404504,1,47.404504
2009-01-27,47.582839,47.582839,47.582839,47.582839,1,47.582839
2009-01-26,47.757097,47.757097,47.757097,47.757097,1,47.757097
2009-01-23,47.926607,47.926607,47.926607,47.926607,1,47.926607
2009-01-22,48.090713,48.090713,48.090713,48.090713,1,48.090713
2009-01-21,48.248784,48.248784,48.248784,48.248784,1,48.248784
2009-01-20,48.400209,48.400209,48.400209,48.400209,1,48.400209
2009-01-16,48.544404,48.544404,48.544404,48.544404,1,48.544404
2009-01-15,48.680812,48.680812,48.680812,48.680812,1,48.680812
2009-01-14,48.808908,48.808908,48.808908,48.808908,1,48.808908
2009-01-13,48.928197,48.928197,48.928197,48.928197,1,48.928197
2009-01-12,49.038219,49.038219,49.038219,49.038219,1,49.038219
2009-01-09,49.138550,49.138550,49.138550,49.138550,1,49.138550
2009-01-08,49.228802,49.228802,49.228802,49.228802,1,49.228802
2009-01-07,49.308627,49.308627,49.308627,49.308627,1,49.308627
2009-01-06,49.377717,49.377717,49.377717,49.377717,1,49.377717
2009-01-05,49.435806,49.435806,49.435806,49.435806,1,49.435806
2009-01-02,49.482670,49.482670,49.482670,49.482670,1,49.482670
2008-12-31,49.518128,49.518128,49.518128,49.518128,1,49.518128
2008-12-30,49.542042,49.542042,49.542042,49.542042,1,49.542042
2008-12-29,49.554321,49.554321,49.554321,49.554321,1,49.554321
2008-12-26,49.554918,49.554918,49.554918,49.554918,1,49.554918
2008-12-24,49.543829,49.543829,49.543829,49.543829,1,49.543829
2008-12-23,49.521099,49.521099,49.521099,49.521099,1,49.521099
2008-12-22,49.486813,49.486813,49.486813,49.486813,1,49.486813
2008-12-19,49.441106,49.441106,49.441106,49.441106,1,49.441106
2008-12-18,49.384153,49.384153,49.384153,49.384153,1,49.384153
2008-12-17,49.316174,49.316174,49.316174,49.316174,1,49.316174
2008-12-16,49.237430,49.237430,49.237430,49.237430,1,49.237430
2008-12-15,49.148227,49.148227,49.148227,49.148227,1,49.148227
2008-12-12,49.048908,49.048908,49.048908,49.048908,1,49.048908
2008-12-11,48.939856,48.939856,48.939856,48.939856,1,48.939856
2008-12-10,48.821492,48.821492,48.821492,48.821492,1,48.821492
2008-12-09,48.694273,48.694273,48.694273,48.694273,1,48.694273
2008-12-08,48.558689,48.558689,48.558689,48.558689,1,48.558689
2008-12-05,48.415264,48.415264,48.415264,48.415264,1,48.415264
2008-12-04,48.264550,48.264550,48.264550,48.264550,1,48.264550
2008-12-03,48.107130,48.107130,48.107130,48.107130,1,48.107130
2008-12-02,47.943611,47.943611,47.943611,47.943611,1,47.943611
2008-12-01,47.774623,47.774623,47.774623,47.774623,1,47.774623
2008-11-28,47.600819,47.600819,47.600819,47.600819,1,47.600819
2008-11-26,47.422868,47.422868,47.422868,47.422868,1,47.422868
2008-11-25,47.241459,47.241459,47.241459,47.241459,1,47.241459
2008-11-24,47.057290,47.057290,47.057290,47.057290,1,47.057290
2008-11-21,46.871072,46.871072,46.871072,46.871072,1,46.871072
2008-11-20,46.683523,46.683523,46.683523,46.683523,1,46.683523
2008-11-19,46.495367,46.495367,46.495367,46.495367,1,46.495367
2008-11-18,46.307331,46.307331,46.307331,46.307331,1,46.307331
2008-11-17,46.120139,46.120139,46.120139,46.120139,1,46.120139
2008-11-14,45.934513,45.934513,45.934513,45.934513,1,45.934513
2008-11-13,45.751170,45.751170,45.751170,45.751170,1,45.751170
2008-11-12,45.570818,45.570818,45.570818,45.570818,1,45.570818
2008-11-11,45.394151,45.394151,45.394151,45.394151,1,45.394151
2008-11-10,45.221851,45.221851,45.221851,45.221851,1,45.221851
2008-11-07,45.054584,45.054584,45.054584,45.054584,1,45.054584
2008-11-06,44.892995,44.892995,44.892995,44.892995,1,44.892995
2008-11-05,44.737707,44.737707,44.737707,44.737707,1,44.737707
2008-11-04,44.589318,44.589318,44.589318,44.589318,1,44.589318
2008-11-03,44.448403,44.448403,44.448403,44.448403,1,44.448403
2008-10-31,44.315503,44.315503,44.315503,44.315503,1,44.315503
2008-10-30,44.191133,44.191133,44.191133,44.191133,1,44.191133
2008-10-29,44.075771,44.075771,44.075771,44.075771,1,44.075771
2008-10-28,43.969863,43.969863,43.969863,43.969863,1,43.969863
2008-10-27,43.873818,43.873818,43.873818,43.873818,1,43.873818
2008-10-24,43.788006,43.788006,43.788006,43.788006,1,43.788006
2008-10-23,43.712758,43.712758,43.712758,43.712758,1,43.712758
2008-10-22,43.648364,43.648364,43.648364,43.648364,1,43.648364
2008-10-21,43.595074,43.595074,43.595074,43.595074,1,43.595074
2008-10-20,43.553091,43.553091,43.553091,43.553091,1,43.553091
2008-10-17,43.522579,43.522579,43.522579,43.522579,1,43.522579
2008-10-16,43.503656,43.503656,43.503656,43.503656,1,43.503656
2008-10-15,43.496393,43.496393,43.496393,43.496393,1,43.496393
2008-10-14,43.500820,43.500820,43.500820,43.500820,1,43.500820
2008-10-13,43.516918,43.516918,43.516918,43.516918,1,43.516918
2008-10-10,43.544627,43.544627,43.544627,43.544627,1,43.544627
2008-10-09,43.583839,43.583839,43.583839,43.583839,1,43.583839
2008-10-08,43.634402,43.634402,43.634402,43.634402,1,43.634402
2008-10-07,43.696122,43.696122,43.696122,43.696122,1,43.696122
2008-10-06,43.768761,43.768761,43.768761,43.768761,1,43.768761
2008-10-03,43.852039,43.852039,43.852039,43.852039,1,43.852039
2008-10-02,43.945633,43.945633,43.945633,43.945633,1,43.945633
2008-10-01,44.049183,44.049183,44.049183,44.049183,1,44.049183
2008-09-30,44.162290,44.162290,44.162290,44.162290,1,44.162290
2008-09-29,44.284517,44.284517,44.284517,44.284517,1,44.284517
2008-09-26,44.415392,44.415392,44.415392,44.415392,1,44.415392
2008-09-25,44.554411,44.554411,44.554411,44.554411,1,44.554411
2008-09-24,44.701037,44.701037,44.701037,44.701037,1,44.701037
2008-09-23,44.854705,44.854705,44.854705,44.854705,1,44.854705
2008-09-22,45.014822,45.014822,45.014822,45.014822,1,45.014822
2008-09-19,45.180770,45.180770,45.180770,45.180770,1,45.180770
2008-09-18,45.351908,45.351908,45.351908,45.351908,1,45.351908
2008-09-17,45.527577,45.527577,45.527577,45.527577,1,45.527577
2008-09-16,45.707098,45.707098,45.707098,45.707098,1,45.707098
2008-09-15,45.889780,45.889780,45.889780,45.889780,1,45.889780
2008-09-12,46.074917,46.074917,46.074917,46.074917,1,46.074917
2008-09-11,46.261795,46.261795,46.261795,46.261795,1,46.261795
2008-09-10,46.449694,46.449694,46.449694,46.449694,1,46.449694
2008-09-09,46.637887,46.637887,46.637887,46.637887,1,46.637887
2008-09-08,46.825650,46.825650,46.825650,46.825650,1,46.825650
2008-09-05,47.012257,47.012257,47.012257,47.012257,1,47.012257
2008-09-04,47.196989,47.196989,47.196989,47.196989,1,47.196989
2008-09-03,47.379133,47.379133,47.379133,47.379133,1,47.379133
2008-09-02,47.557987,47.557987,47.557987,47.557987,1,47.557987
2008-08-29,47.732859,47.732859,47.732859,47.732859,1,47.732859
2008-08-28,47.903077,47.903077,47.903077,47.903077,1,47.903077
2008-08-27,48.067982,48.067982,48.067982,48.067982,1,48.067982
2008-08-26,48.226939,48.226939,48.226939,48.226939,1,48.226939
2008-08-25,48.379335,48.379335,48.379335,48.379335,1,48.379335
2008-08-22,48.524581,48.524581,48.524581,48.524581,1,48.524581
2008-08-21,48.662117,48.662117,48.662117,48.662117,1,48.662117
2008-08-20,48.791413,48.791413,48.791413,48.791413,1,48.791413
2008-08-19,48.911969,48.911969,48.911969,48.911969,1,48.911969
2008-08-18,49.023321,49.023321,49.023321,49.023321,1,49.023321
2008-08-15,49.125039,49.125039,49.125039,49.125039,1,49.125039
2008-08-14,49.216730,49.216730,49.216730,49.216730,1,49.216730
2008-08-13,49.298041,49.298041,49.298041,49.298041,1,49.298041
2008-08-12,49.368659,49.368659,49.368659,49.368659,1,49.368659
2008-08-11,49.428310,49.428310,49.428310,49.428310,1,49.428310
2008-08-08,49.476764,49.476764,49.476764,49.476764,1,49.476764
2008-08-07,49.513835,49.513835,49.513835,49.513835,1,49.513835
2008-08-06,49.539380,49.539380,49.539380,49.539380,1,49.539380
2008-08-05,49.553300,49.553300,49.553300,49.553300,1,49.553300
2008-08-04,49.555540,49.555540,49.555540,49.555540,1,49.555540
2008-08-01,49.546094,49.546094,49.546094,49.546094,1,49.546094
2008-07-31,49.524996,49.524996,49.524996,49.524996,1,49.524996
2008-07-30,49.492330,49.492330,49.492330,49.492330,1,49.492330
2008-07-29,49.448219,49.448219,49.448219,49.448219,1,49.448219
2008-07-28,49.392835,49.392835,49.392835,49.392835,1,49.392835
2008-07-25,49.326392,49.326392,49.326392,49.326392,1,49.326392
2008-07-24,49.249145,49.249145,49.249145,49.249145,1,49.249145
2008-07-23,49.161393,49.161393,49.161393,49.161393,1,49.161393
2008-07-22,49.063475,49.063475,49.063475,49.063475,1,49.063475
2008-07-21,48.955767,48.955767,48.955767,48.955767,1,48.955767
2008-07-18,48.838686,48.838686,48.838686,48.838686,1,48.838686
2008-07-17,48.712683,48.712683,48.712683,48.712683,1,48.712683
2008-07-16,48.578245,48.578245,48.578245,48.578245,1,48.578245
2008-07-15,48.435890,48.435890,48.435890,48.435890,1,48.435890
2008-07-14,48.286167,48.286167,48.286167,48.286167,1,48.286167
2008-07-11,48.129654,48.129654,48.129654,48.129654,1,48.129654
2008-07-10,47.966955,47.966955,47.966955,47.966955,1,47.966955
2008-07-09,47.798698,47.798698,47.798698,47.798698,1,47.798698
2008-07-08,47.625531,47.625531,47.625531,47.625531,1,47.625531
2008-07-07,47.448122,47.448122,47.448122,47.448122,1,47.448122
2008-07-03,47.267157,47.267157,47.267157,47.267157,1,47.267157
2008-07-02,47.083334,47.083334,47.083334,47.083334,1,47.083334
2008-07-01,46.897360,46.897360,46.897360,46.897360,1,46.897360
2008-06-30,46.709955,46.709955,46.709955,46.709955,1,46.709955
2008-06-27,46.521841,46.521841,46.521841,46.521841,1,46.521841
2008-06-26,46.333744,46.333744,46.333744,46.333744,1,46.333744
2008-06-25,46.146389,46.146389,46.146389,46.146389,1,46.146389
2008-06-24,45.960500,45.960500,45.960500,45.960500,1,45.960500
2008-06-23,45.776793,45.776793,45.776793,45.776793,1,45.776793
2008-06-20,45.595977,45.595977,45.595977,45.595977,1,45.595977
2008-06-19,45.418751,45.418751,45.418751,45.418751,1,45.418751
2008-06-18,45.245796,45.245796,45.245796,45.245796,1,45.245796
2008-06-17,45.077782,45.077782,45.077782,45.077782,1,45.077782
2008-06-16,44.915356,44.915356,44.915356,44.915356,1,44.915356
2008-06-13,44.759145,44.759145,44.759145,44.759145,1,44.759145
2008-06-12,44.609751,44.609751,44.609751,44.609751,1,44.609751
2008-06-11,44.467750,44.467750,44.467750,44.467750,1,44.467750
2008-06-10,44.333692,44.333692,44.333692,44.333692,1,44.333692
2008-06-09,44.208092,44.208092,44.208092,44.208092,1,44.208092
2008-06-06,44.091435,44.091435,44.091435,44.091435,1,44.091435
2008-06-05,43.984172,43.984172,43.984172,43.984172,1,43.984172
2008-06-04,43.886717,43.886717,43.886717,43.886717,1,43.886717
2008-06-03,43.799444,43.799444,43.799444,43.799444,1,43.799444
2008-06-02,43.722692,43.722692,43.722692,43.722692,1,43.722692
2008-05-30,43.656756,43.656756,43.656756,43.656756,1,43.656756
2008-05-29,43.601890,43.601890,43.601890,43.601890,1,43.601890
2008-05-28,43.558306,43.558306,43.558306,43.558306,1,43.558306
2008-05-27,43.526173,43.526173,43.526173,43.526173,1,43.526173
2008-05-23,43.505614,43.505614,43.505614,43.505614,1,43.505614
2008-05-22,43.496708,43.496708,43.496708,43.496708,1,43.496708
2008-05-21,43.499491,43.499491,43.499491,43.499491,1,43.499491
2008-05-20,43.513950,43.513950,43.513950,43.513950,1,43.513950
2008-05-19,43.540032,43.540032,43.540032,43.540032,1,43.540032
2008-05-16,43.577633,43.577633,43.577633,43.577633,1,43.577633
2008-05-15,43.626611,43.626611,43.626611,43.626611,1,43.626611
2008-05-14,43.686776,43.686776,43.686776,43.686776,1,43.686776
2008-05-13,43.757895,43.757895,43.757895,43.757895,1,43.757895
2008-05-12,43.839694,43.839694,43.839694,43.839694,1,43.839694
2008-05-09,43.931858,43.931858,43.931858,43.931858,1,43.931858
2008-05-08,44.034032,44.034032,44.034032,44.034032,1,44.034032
2008-05-07,44.145820,44.145820,44.145820,44.145820,1,44.145820
2008-05-06,44.266792,44.266792,44.266792,44.266792,1,44.266792
2008-05-05,44.396480,44.396480,44.396480,44.396480,1,44.396480
2008-05-02,44.534386,44.534386,44.534386,44.534386,1,44.534386
2008-05-01,44.679975,44.679975,44.679975,44.679975,1,44.679975
2008-04-30,44.832688,44.832688,44.832688,44.832688,1,44.832688
2008-04-29,44.991935,44.991935,44.991935,44.991935,1,44.991935
2008-04-28,45.157100,45.157100,45.157100,45.157100,1,45.157100
2008-04-25,45.327548,45.327548,45.327548,45.327548,1,45.327548
2008-04-24,45.502620,45.502620,45.502620,45.502620,1,45.502620
2008-04-23,45.681641,45.681641,45.681641,45.681641,1,45.681641
2008-04-22,45.863921,45.863921,45.863921,45.863921,1,45.863921
2008-04-21,46.048756,46.048756,46.048756,46.048756,1,46.048756
2008-04-18,46.235433,46.235433,46.235433,46.235433,1,46.235433
2008-04-17,46.423231,46.423231,46.423231,46.423231,1,46.423231
2008-04-16,46.611427,46.611427,46.611427,46.611427,1,46.611427
2008-04-15,46.799294,46.799294,46.799294,46.799294,1,46.799294
2008-04-14,46.986107,46.986107,46.986107,46.986107,1,46.986107
2008-04-11,47.171146,47.171146,47.171146,47.171146,1,47.171146
2008-04-10,47.353697,47.353697,47.353697,47.353697,1,47.353697
2008-04-09,47.533055,47.533055,47.533055,47.533055,1,47.533055
2008-04-08,47.708529,47.708529,47.708529,47.708529,1,47.708529
2008-04-07,47.879442,47.879442,47.879442,47.879442,1,47.879442
2008-04-04,48.045133,48.045133,48.045133,48.045133,1,48.045133
2008-04-03,48.204964,48.204964,48.204964,48.204964,1,48.204964
2008-04-02,48.358319,48.358319,48.358319,48.358319,1,48.358319
2008-04-01,48.504605,48.504605,48.504605,48.504605,1,48.504605
2008-03-31,48.643258,48.643258,48.643258,48.643258,1,48.643258
2008-03-28,48.773744,48.773744,48.773744,48.773744,1,48.773744
2008-03-27,48.895558,48.895558,48.895558,48.895558,1,48.895558
2008-03-26,49.008232,49.008232,49.008232,49.008232,1,49.008232
2008-03-25,49.111329,49.111329,49.111329,49.111329,1,49.111329
2008-03-24,49.204453,49.204453,49.204453,49.204453,1,49.204453
2008-03-20,49.287244,49.287244,49.287244,49.287244,1,49.287244
2008-03-19,49.359383,49.359383,49.359383,49.359383,1,49.359383
2008-03-18,49.420592,49.420592,49.420592,49.420592,1,49.420592
2008-03-17,49.470633,49.470633,49.470633,49.470633,1,49.470633
2008-03-14,49.509315,49.509315,49.509315,49.509315,1,49.509315
2008-03-13,49.536488,49.536488,49.536488,49.536488,1,49.536488
2008-03-12,49.552047,49.552047,49.552047,49.552047,1,49.552047
2008-03-11,49.555932,49.555932,49.555932,49.555932,1,49.555932
2008-03-10,49.548128,49.548128,49.548128,49.548128,1,49.548128
2008-03-07,49.528665,49.528665,49.528665,49.528665,1,49.528665
2008-03-06,49.497619,49.497619,49.497619,49.497619,1,49.497619
2008-03-05,49.455109,49.455109,49.455109,49.455109,1,49.455109
2008-03-04,49.401299,49.401299,49.401299,49.401299,1,49.401299
2008-03-03,49.336397,49.336397,49.336397,49.336397,1,49.336397
2008-02-29,49.260652,49.260652,49.260652,49.260652,1,49.260652
2008-02-28,49.174358,49.174358,49.174358,49.174358,1,49.174358
2008-02-27,49.077848,49.077848,49.077848,49.077848,1,49.077848
2008-02-26,48.971493,48.971493,48.971493,48.971493,1,48.971493
2008-02-25,48.855704,48.855704,48.855704,48.855704,1,48.855704
2008-02-22,48.730927,48.730927,48.730927,48.730927,1,48.730927
2008-02-21,48.597645,48.597645,48.597645,48.597645,1,48.597645
2008-02-20,48.456371,48.456371,48.456371,48.456371,1,48.456371
2008-02-19,48.307650,48.307650,48.307650,48.307650,1,48.307650
2008-02-15,48.152056,48.152056,48.152056,48.152056,1,48.152056
2008-02-14,47.990190,47.990190,47.990190,47.990190,1,47.990190
2008-02-13,47.822675,47.822675,47.822675,47.822675,1,47.822675
2008-02-12,47.650159,47.650159,47.650159,47.650159,1,47.650159
2008-02-11,47.473306,47.473306,47.473306,47.473306,1,47.473306
2008-02-08,47.292799,47.292799,47.292799,47.292799,1,47.292799
2008-02-07,47.109335,47.109335,47.109335,47.109335,1,47.109335
2008-02-06,46.923621,46.923621,46.923621,46.923621,1,46.923621
2008-02-05,46.736373,46.736373,46.736373,46.736373,1,46.736373
2008-02-04,46.548315,46.548315,46.548315,46.548315,1,46.548315
2008-02-01,46.360172,46.360172,46.360172,46.360172,1,46.360172
2008-01-31,46.172669,46.172669,46.172669,46.172669,1,46.172669
2008-01-30,45.986530,45.986530,45.986530,45.986530,1,45.986530
2008-01-29,45.802473,45.802473,45.802473,45.802473,1,45.802473
2008-01-28,45.621208,45.621208,45.621208,45.621208,1,45.621208
2008-01-25,45.443435,45.443435,45.443435,45.443435,1,45.443435
2008-01-24,45.269839,45.269839,45.269839,45.269839,1,45.269839
2008-01-23,45.101091,45.101091,45.101091,45.101091,1,45.101091
2008-01-22,44.937840,44.937840,44.937840,44.937840,1,44.937840
2008-01-18,44.780717,44.780717,44.780717,44.780717,1,44.780717
2008-01-17,44.630329,44.630329,44.630329,44.630329,1,44.630329
2008-01-16,44.487255,44.487255,44.487255,44.487255,1,44.487255
2008-01-15,44.352047,44.352047,44.352047,44.352047,1,44.352047
2008-01-14,44.225228,44.225228,44.225228,44.225228,1,44.225228
2008-01-11,44.107285,44.107285,44.107285,44.107285,1,44.107285
2008-01-10,43.998675,43.998675,43.998675,43.998675,1,43.998675
2008-01-09,43.899817,43.899817,43.899817,43.899817,1,43.899817
2008-01-08,43.811091,43.811091,43.811091,43.811091,1,43.811091
2008-01-07,43.732840,43.732840,43.732840,43.732840,1,43.732840
2008-01-04,43.665366,43.665366,43.665366,43.665366,1,43.665366
2008-01-03,43.608929,43.608929,43.608929,43.608929,1,43.608929
2008-01-02,43.563748,43.563748,43.563748,43.563748,1,43.563748
2007-12-31,43.529995,43.529995,43.529995,43.529995,1,43.529995
2007-12-28,43.507802,43.507802,43.507802,43.507802,1,43.507802
2007-12-27,43.497255,43.497255,43.497255,43.497255,1,43.497255
2007-12-26,43.498393,43.498393,43.498393,43.498393,1,43.498393
2007-12-24,43.511213,43.511213,43.511213,43.511213,1,43.511213
2007-12-21,43.535664,43.535664,43.535664,43.535664,1,43.535664
2007-12-20,43.571653,43.571653,43.571653,43.571653,1,43.571653
2007-12-19,43.619042,43.619042,43.619042,43.619042,1,43.619042
2007-12-18,43.677646,43.677646,43.677646,43.677646,1,43.677646
2007-12-17,43.747240,43.747240,43.747240,43.747240,1,43.747240
2007-12-14,43.827555,43.827555,43.827555,43.827555,1,43.827555
2007-12-13,43.918282,43.918282,43.918282,43.918282,1,43.918282
2007-12-12,44.019070,44.019070,44.019070,44.019070,1,44.019070
2007-12-11,44.129531,44.129531,44.129531,44.129531,1,44.129531
2007-12-10,44.249239,44.249239,44.249239,44.249239,1,44.249239
2007-12-07,44.377731,44.377731,44.377731,44.377731,1,44.377731
2007-12-06,44.514512,44.514512,44.514512,44.514512,1,44.514512
2007-12-05,44.659054,44.659054,44.659054,44.659054,1,44.659054
2007-12-04,44.810800,44.810800,44.810800,44.810800,1,44.810800
2007-12-03,44.969164,44.969164,44.969164,44.969164,1,44.969164
2007-11-30,45.133535,45.133535,45.133535,45.133535,1,45.133535
2007-11-29,45.303280,45.303280,45.303280,45.303280,1,45.303280
2007-11-28,45.477742,45.477742,45.477742,45.477742,1,45.477742
2007-11-27,45.656249,45.656249,45.656249,45.656249,1,45.656249
2007-11-26,45.838113,45.838113,45.838113,45.838113,1,45.838113
2007-11-23,46.022631,46.022631,46.022631,46.022631,1,46.022631
2007-11-21,46.209092,46.209092,46.209092,46.209092,1,46.209092
2007-11-20,46.396776,46.396776,46.396776,46.396776,1,46.396776
2007-11-19,46.584960,46.584960,46.584960,46.584960,1,46.584960
2007-11-16,46.772917,46.772917,46.772917,46.772917,1,46.772917
2007-11-15,46.959923,46.959923,46.959923,46.959923,1,46.959923
2007-11-14,47.145255,47.145255,47.145255,47.145255,1,47.145255
2007-11-13,47.328198,47.328198,47.328198,47.328198,1,47.328198
2007-11-12,47.508048,47.508048,47.508048,47.508048,1,47.508048
2007-11-09,47.684109,47.684109,47.684109,47.684109,1,47.684109
2007-11-08,47.855703,47.855703,47.855703,47.855703,1,47.855703
2007-11-07,48.022168,48.022168,48.022168,48.022168,1,48.022168
2007-11-06,48.182861,48.182861,48.182861,48.182861,1,48.182861
2007-11-05,48.337163,48.337163,48.337163,48.337163,1,48.337163
2007-11-02,48.484478,48.484478,48.484478,48.484478,1,48.484478
2007-11-01,48.624238,48.624238,48.624238,48.624238,1,48.624238
2007-10-31,48.755904,48.755904,48.755904,48.755904,1,48.755904
2007-10-30,48.878967,48.878967,48.878967,48.878967,1,48.878967
2007-10-29,48.992953,48.992953,48.992953,48.992953,1,48.992953
2007-10-26,49.097423,49.097423,49.097423,49.097423,1,49.097423
2007-10-25,49.191972,49.191972,49.191972,49.191972,1,49.191972
2007-10-24,49.276237,49.276237,49.276237,49.276237,1,49.276237
2007-10-23,49.349892,49.349892,49.349892,49.349892,1,49.349892
2007-10-22,49.412653,49.412653,49.412653,49.412653,1,49.412653
2007-10-19,49.464277,49.464277,49.464277,49.464277,1,49.464277
2007-10-18,49.504567,49.504567,49.504567,49.504567,1,49.504567
2007-10-17,49.533366,49.533366,49.533366,49.533366,1,49.533366
2007-10-16,49.550563,49.550563,49.550563,49.550563,1,49.550563
2007-10-15,49.556092,49.556092,49.556092,49.556092,1,49.556092
2007-10-12,49.549931,49.549931,49.549931,49.549931,1,49.549931
2007-10-11,49.532105,49.532105,49.532105,49.532105,1,49.532105
2007-10-10,49.502682,49.502682,49.502682,49.502682,1,49.502682
2007-10-09,49.461775,49.461775,49.461775,49.461775,1,49.461775
2007-10-08,49.409543,49.409543,49.409543,49.409543,1,49.409543
2007-10-05,49.346187,49.346187,49.346187,49.346187,1,49.346187
2007-10-04,49.271951,49.271951,49.271951,49.271951,1,49.271951
2007-10-03,49.187121,49.187121,49.187121,49.187121,1,49.187121
2007-10-02,49.092026,49.092026,49.092026,49.092026,1,49.092026
2007-10-01,48.987032,48.987032,48.987032,48.987032,1,48.987032
2007-09-28,48.872543,48.872543,48.872543,48.872543,1,48.872543
2007-09-27,48.749003,48.749003,48.749003,48.749003,1,48.749003
2007-09-26,48.616886,48.616886,48.616886,48.616886,1,48.616886
2007-09-25,48.476704,48.476704,48.476704,48.476704,1,48.476704
2007-09-24,48.328996,48.328996,48.328996,48.328996,1,48.328996
2007-09-21,48.174334,48.174334,48.174334,48.174334,1,48.174334
2007-09-20,48.013312,48.013312,48.013312,48.013312,1,48.013312
2007-09-19,47.846553,47.846553,47.846553,47.846553,1,47.846553
2007-09-18,47.674701,47.674701,47.674701,47.674701,1,47.674701
2007-09-17,47.498417,47.498417,47.498417,47.498417,1,47.498417
2007-09-14,47.318382,47.318382,47.318382,47.318382,1,47.318382
2007-09-13,47.135292,47.135292,47.135292,47.135292,1,47.135292
2007-09-12,46.949851,46.949851,46.949851,46.949851,1,46.949851
2007-09-11,46.762776,46.762776,46.762776,46.762776,1,46.762776
2007-09-10,46.574788,46.574788,46.574788,46.574788,1,46.574788
2007-09-07,46.386612,46.386612,46.386612,46.386612,1,46.386612
2007-09-06,46.198975,46.198975,46.198975,46.198975,1,46.198975
2007-09-05,46.012601,46.012601,46.012601,46.012601,1,46.012601
2007-09-04,45.828208,45.828208,45.828208,45.828208,1,45.828208
2007-08-31,45.646508,45.646508,45.646508,45.646508,1,45.646508
2007-08-30,45.468202,45.468202,45.468202,45.468202,1,45.468202
2007-08-29,45.293978,45.293978,45.293978,45.293978,1,45.293978
2007-08-28,45.124508,45.124508,45.124508,45.124508,1,45.124508
2007-08-27,44.960445,44.960445,44.960445,44.960445,1,44.960445
2007-08-24,44.802424,44.802424,44.802424,44.802424,1,44.802424
2007-08-23,44.651052,44.651052,44.651052,44.651052,1,44.651052
2007-08-22,44.506916,44.506916,44.506916,44.506916,1,44.506916
2007-08-21,44.370569,44.370569,44.370569,44.370569,1,44.370569
2007-08-20,44.242539,44.242539,44.242539,44.242539,1,44.242539
2007-08-17,44.123320,44.123320,44.123320,44.123320,1,44.123320
2007-08-16,44.013371,44.013371,44.013371,44.013371,1,44.013371
2007-08-15,43.913117,43.913117,43.913117,43.913117,1,43.913117
2007-08-14,43.822945,43.822945,43.822945,43.822945,1,43.822945
2007-08-13,43.743201,43.743201,43.743201,43.743201,1,43.743201
2007-08-10,43.674195,43.674195,43.674195,43.674195,1,43.674195
2007-08-09,43.616192,43.616192,43.616192,43.616192,1,43.616192
2007-08-08,43.569415,43.569415,43.569415,43.569415,1,43.569415
2007-08-07,43.534046,43.534046,43.534046,43.534046,1,43.534046
2007-08-06,43.510222,43.510222,43.510222,43.510222,1,43.510222
2007-08-03,43.498033,43.498033,43.498033,43.498033,1,43.498033
2007-08-02,43.497526,43.497526,43.497526,43.497526,1,43.497526
2007-08-01,43.508705,43.508705,43.508705,43.508705,1,43.508705
2007-07-31,43.531525,43.531525,43.531525,43.531525,1,43.531525
2007-07-30,43.565899,43.565899,43.565899,43.565899,1,43.565899
2007-07-27,43.611694,43.611694,43.611694,43.611694,1,43.611694
2007-07-26,43.668733,43.668733,43.668733,43.668733,1,43.668733
2007-07-25,43.736797,43.736797,43.736797,43.736797,1,43.736797
2007-07-24,43.815622,43.815622,43.815622,43.815622,1,43.815622
2007-07-23,43.904905,43.904905,43.904905,43.904905,1,43.904905
2007-07-20,44.004300,44.004300,44.004300,44.004300,1,44.004300
2007-07-19,44.113426,44.113426,44.113426,44.113426,1,44.113426
2007-07-18,44.231860,44.231860,44.231860,44.231860,1,44.231860
2007-07-17,44.359146,44.359146,44.359146,44.359146,1,44.359146
2007-07-16,44.494792,44.494792,44.494792,44.494792,1,44.494792
2007-07-13,44.638276,44.638276,44.638276,44.638276,1,44.638276
2007-07-12,44.789043,44.789043,44.789043,44.789043,1,44.789043
2007-07-11,44.946513,44.946513,44.946513,44.946513,1,44.946513
2007-07-10,45.110077,45.110077,45.110077,45.110077,1,45.110077
2007-07-09,45.279105,45.279105,45.279105,45.279105,1,45.279105
2007-07-06,45.452943,45.452943,45.452943,45.452943,1,45.452943
2007-07-05,45.630923,45.630923,45.630923,45.630923,1,45.630923
2007-07-03,45.812357,45.812357,45.812357,45.812357,1,45.812357
2007-07-02,45.996544,45.996544,45.996544,45.996544,1,45.996544
2007-06-29,46.182775,46.182775,46.182775,46.182775,1,46.182775
2007-06-28,46.370332,46.370332,46.370332,46.370332,1,46.370332
2007-06-27,46.558489,46.558489,46.558489,46.558489,1,46.558489
2007-06-26,46.746522,46.746522,46.746522,46.746522,1,46.746522
2007-06-25,46.933705,46.933705,46.933705,46.933705,1,46.933705
2007-06-22,47.119315,47.119315,47.119315,47.119315,1,47.119315
2007-06-21,47.302638,47.302638,47.302638,47.302638,1,47.302638
2007-06-20,47.482965,47.482965,47.482965,47.482965,1,47.482965
2007-06-19,47.659600,47.659600,47.659600,47.659600,1,47.659600
2007-06-18,47.831863,47.831863,47.831863,47.831863,1,47.831863
2007-06-15,47.999089,47.999089,47.999089,47.999089,1,47.999089
2007-06-14,48.160632,48.160632,48.160632,48.160632,1,48.160632
2007-06-13,48.315869,48.315869,48.315869,48.315869,1,48.315869
2007-06-12,48.464202,48.464202,48.464202,48.464202,1,48.464202
2007-06-11,48.605058,48.605058,48.605058,48.605058,1,48.605058
2007-06-08,48.737894,48.737894,48.737894,48.737894,1,48.737894
2007-06-07,48.862196,48.862196,48.862196,48.862196,1,48.862196
2007-06-06,48.977486,48.977486,48.977486,48.977486,1,48.977486
2007-06-05,49.083320,49.083320,49.083320,49.083320,1,49.083320
2007-06-04,49.179287,49.179287,49.179287,49.179287,1,49.179287
2007-06-01,49.265019,49.265019,49.265019,49.265019,1,49.265019
2007-05-31,49.340184,49.340184,49.340184,49.340184,1,49.340184
2007-05-30,49.404493,49.404493,49.404493,49.404493,1,49.404493
2007-05-29,49.457697,49.457697,49.457697,49.457697,1,49.457697
2007-05-25,49.499592,49.499592,49.499592,49.499592,1,49.499592
2007-05-24,49.530014,49.530014,49.530014,49.530014,1,49.530014
2007-05-23,49.548848,49.548848,49.548848,49.548848,1,49.548848
2007-05-22,49.556021,49.556021,49.556021,49.556021,1,49.556021
2007-05-21,49.551504,49.551504,49.551504,49.551504,1,49.551504
2007-05-18,49.535315,49.535315,49.535315,49.535315,1,49.535315
2007-05-17,49.507517,49.507517,49.507517,49.507517,1,49.507517
2007-05-16,49.468217,49.468217,49.468217,49.468217,1,49.468217
2007-05-15,49.417567,49.417567,49.417567,49.417567,1,49.417567
2007-05-14,49.355761,49.355761,49.355761,49.355761,1,49.355761
2007-05-11,49.283039,49.283039,49.283039,49.283039,1,49.283039
2007-05-10,49.199681,49.199681,49.199681,49.199681,1,49.199681
2007-05-09,49.106008,49.106008,49.106008,49.106008,1,49.106008
2007-05-08,49.002383,49.002383,49.002383,49.002383,1,49.002383
2007-05-07,48.889204,48.889204,48.889204,48.889204,1,48.889204
2007-05-04,48.766908,48.766908,48.766908,48.766908,1,48.766908
2007-05-03,48.635968,48.635968,48.635968,48.635968,1,48.635968
2007-05-02,48.496888,48.496888,48.496888,48.496888,1,48.496888
2007-05-01,48.350205,48.350205,48.350205,48.350205,1,48.350205
2007-04-30,48.196485,48.196485,48.196485,48.196485,1,48.196485
2007-04-27,48.036321,48.036321,48.036321,48.036321,1,48.036321
2007-04-26,47.870331,47.870331,47.870331,47.870331,1,47.870331
2007-04-25,47.699155,47.699155,47.699155,47.699155,1,47.699155
2007-04-24,47.523454,47.523454,47.523454,47.523454,1,47.523454
2007-04-23,47.343905,47.343905,47.343905,47.343905,1,47.343905
2007-04-20,47.161202,47.161202,47.161202,47.161202,1,47.161202
2007-04-19,46.976049,46.976049,46.976049,46.976049,1,46.976049
2007-04-18,46.789160,46.789160,46.789160,46.789160,1,46.789160
2007-04-17,46.601256,46.601256,46.601256,46.601256,1,46.601256
2007-04-16,46.413063,46.413063,46.413063,46.413063,1,46.413063
2007-04-13,46.225307,46.225307,46.225307,46.225307,1,46.225307
2007-04-12,46.038712,46.038712,46.038712,46.038712,1,46.038712
2007-04-11,45.853997,45.853997,45.853997,45.853997,1,45.853997
2007-04-10,45.671875,45.671875,45.671875,45.671875,1,45.671875
2007-04-09,45.493050,45.493050,45.493050,45.493050,1,45.493050
2007-04-05,45.318211,45.318211,45.318211,45.318211,1,45.318211
2007-04-04,45.148032,45.148032,45.148032,45.148032,1,45.148032
2007-04-03,44.983170,44.983170,44.983170,44.983170,1,44.983170
2007-04-02,44.824261,44.824261,44.824261,44.824261,1,44.824261
2007-03-30,44.671919,44.671919,44.671919,44.671919,1,44.671919
2007-03-29,44.526730,44.526730,44.526730,44.526730,1,44.526730
2007-03-28,44.389256,44.389256,44.389256,44.389256,1,44.389256
2007-03-27,44.260026,44.260026,44.260026,44.260026,1,44.260026
2007-03-26,44.139538,44.139538,44.139538,44.139538,1,44.139538
2007-03-23,44.028259,44.028259,44.028259,44.028259,1,44.028259
2007-03-22,43.926617,43.926617,43.926617,43.926617,1,43.926617
2007-03-21,43.835005,43.835005,43.835005,43.835005,1,43.835005
2007-03-20,43.753775,43.753775,43.753775,43.753775,1,43.753775
2007-03-19,43.683241,43.683241,43.683241,43.683241,1,43.683241
2007-03-16,43.623676,43.623676,43.623676,43.623676,1,43.623676
2007-03-15,43.575309,43.575309,43.575309,43.575309,1,43.575309
2007-03-14,43.538326,43.538326,43.538326,43.538326,1,43.538326
2007-03-13,43.512871,43.512871,43.512871,43.512871,1,43.512871
2007-03-12,43.499041,43.499041,43.499041,43.499041,1,43.499041
2007-03-09,43.496891,43.496891,43.496891,43.496891,1,43.496891
2007-03-08,43.506428,43.506428,43.506428,43.506428,1,43.506428
2007-03-07,43.527615,43.527615,43.527615,43.527615,1,43.527615
2007-03-06,43.560371,43.560371,43.560371,43.560371,1,43.560371
2007-03-05,43.604569,43.604569,43.604569,43.604569,1,43.604569
2007-03-02,43.660039,43.660039,43.660039,43.660039,1,43.660039
2007-03-01,43.726567,43.726567,43.726567,43.726567,1,43.726567
2007-02-28,43.803896,43.803896,43.803896,43.803896,1,43.803896
2007-02-27,43.891727,43.891727,43.891727,43.891727,1,43.891727
2007-02-26,43.989723,43.989723,43.989723,43.989723,1,43.989723
2007-02-23,44.097505,44.097505,44.097505,44.097505,1,44.097505
2007-02-22,44.214656,44.214656,44.214656,44.214656,1,44.214656
2007-02-21,44.340726,44.340726,44.340726,44.340726,1,44.340726
2007-02-20,44.475227,44.475227,44.475227,44.475227,1,44.475227
2007-02-16,44.617642,44.617642,44.617642,44.617642,1,44.617642
2007-02-15,44.767419,44.767419,44.767419,44.767419,1,44.767419
2007-02-14,44.923982,44.923982,44.923982,44.923982,1,44.923982
2007-02-13,45.086727,45.086727,45.086727,45.086727,1,45.086727
2007-02-12,45.255025,45.255025,45.255025,45.255025,1,45.255025
2007-02-09,45.428227,45.428227,45.428227,45.428227,1,45.428227
2007-02-08,45.605665,45.605665,45.605665,45.605665,1,45.605665
2007-02-07,45.786655,45.786655,45.786655,45.786655,1,45.786655
2007-02-06,45.970498,45.970498,45.970498,45.970498,1,45.970498
2007-02-05,46.156485,46.156485,46.156485,46.156485,1,46.156485
2007-02-02,46.343899,46.343899,46.343899,46.343899,1,46.343899
2007-02-01,46.532015,46.532015,46.532015,46.532015,1,46.532015
2007-01-31,46.720110,46.720110,46.720110,46.720110,1,46.720110
2007-01-30,46.907456,46.907456,46.907456,46.907456,1,46.907456
2007-01-29,47.093331,47.093331,47.093331,47.093331,1,47.093331
2007-01-26,47.277018,47.277018,47.277018,47.277018,1,47.277018
2007-01-25,47.457809,47.457809,47.457809,47.457809,1,47.457809
2007-01-24,47.635005,47.635005,47.635005,47.635005,1,47.635005
2007-01-23,47.807924,47.807924,47.807924,47.807924,1,47.807924
2007-01-22,47.975897,47.975897,47.975897,47.975897,1,47.975897
2007-01-19,48.138278,48.138278,48.138278,48.138278,1,48.138278
2007-01-18,48.294439,48.294439,48.294439,48.294439,1,48.294439
2007-01-17,48.443778,48.443778,48.443778,48.443778,1,48.443778
2007-01-16,48.585719,48.585719,48.585719,48.585719,1,48.585719
2007-01-12,48.719714,48.719714,48.719714,48.719714,1,48.719714
2007-01-11,48.845247,48.845247,48.845247,48.845247,1,48.845247
2007-01-10,48.961833,48.961833,48.961833,48.961833,1,48.961833
2007-01-09,49.069021,49.069021,49.069021,49.069021,1,49.069021
2007-01-08,49.166400,49.166400,49.166400,49.166400,1,49.166400
2007-01-05,49.253592,49.253592,49.253592,49.253592,1,49.253592
2007-01-04,49.330262,49.330262,49.330262,49.330262,1,49.330262
2007-01-03,49.396114,49.396114,49.396114,49.396114,1,49.396114
2006-12-29,49.450893,49.450893,49.450893,49.450893,1,49.450893
2006-12-28,49.494389,49.494389,49.494389,49.494389,1,49.494389
2006-12-27,49.526434,49.526434,49.526434,49.526434,1,49.526434
2006-12-26,49.546903,49.546903,49.546903,49.546903,1,49.546903
2006-12-22,49.555718,49.555718,49.555718,49.555718,1,49.555718
2006-12-21,49.552845,49.552845,49.552845,49.552845,1,49.552845
2006-12-20,49.538296,49.538296,49.538296,49.538296,1,49.538296
2006-12-19,49.512125,49.512125,49.512125,49.512125,1,49.512125
2006-12-18,49.474435,49.474435,49.474435,49.474435,1,49.474435
2006-12-15,49.425370,49.425370,49.425370,49.425370,1,49.425370
2006-12-14,49.365120,49.365120,49.365120,49.365120,1,49.365120
2006-12-13,49.293917,49.293917,49.293917,49.293917,1,49.293917
2006-12-12,49.212036,49.212036,49.212036,49.212036,1,49.212036
2006-12-11,49.119794,49.119794,49.119794,49.119794,1,49.119794
2006-12-08,49.017545,49.017545,49.017545,49.017545,1,49.017545
2006-12-07,48.905684,48.905684,48.905684,48.905684,1,48.905684
2006-12-06,48.784643,48.784643,48.784643,48.784643,1,48.784643
2006-12-05,48.654889,48.654889,48.654889,48.654889,1,48.654889
2006-12-04,48.516922,48.516922,48.516922,48.516922,1,48.516922
2006-12-01,48.371275,48.371275,48.371275,48.371275,1,48.371275
2006-11-30,48.218509,48.218509,48.218509,48.218509,1,48.218509
2006-11-29,48.059215,48.059215,48.059215,48.059215,1,48.059215
2006-11-28,47.894006,47.894006,47.894006,47.894006,1,47.894006
2006-11-27,47.723520,47.723520,47.723520,47.723520,1,47.723520
2006-11-24,47.548415,47.548415,47.548415,47.548415,1,47.548415
2006-11-22,47.369366,47.369366,47.369366,47.369366,1,47.369366
2006-11-21,47.187064,47.187064,47.187064,47.187064,1,47.187064
2006-11-20,47.002212,47.002212,47.002212,47.002212,1,47.002212
2006-11-17,46.815524,46.815524,46.815524,46.815524,1,46.815524
2006-11-16,46.627719,46.627719,46.627719,46.627719,1,46.627719
2006-11-15,46.439523,46.439523,46.439523,46.439523,1,46.439523
2006-11-14,46.251662,46.251662,46.251662,46.251662,1,46.251662
2006-11-13,46.064859,46.064859,46.064859,46.064859,1,46.064859
2006-11-10,45.879837,45.879837,45.879837,45.879837,1,45.879837
2006-11-09,45.697308,45.697308,45.697308,45.697308,1,45.697308
2006-11-08,45.517977,45.517977,45.517977,45.517977,1,45.517977
2006-11-07,45.342536,45.342536,45.342536,45.342536,1,45.342536
2006-11-06,45.171661,45.171661,45.171661,45.171661,1,45.171661
2006-11-03,45.006013,45.006013,45.006013,45.006013,1,45.006013
2006-11-02,44.846229,44.846229,44.846229,44.846229,1,44.846229
2006-11-01,44.692927,44.692927,44.692927,44.692927,1,44.692927
2006-10-31,44.546697,44.546697,44.546697,44.546697,1,44.546697
2006-10-30,44.408105,44.408105,44.408105,44.408105,1,44.408105
2006-10-27,44.277685,44.277685,44.277685,44.277685,1,44.277685
2006-10-26,44.155939,44.155939,44.155939,44.155939,1,44.155939
2006-10-25,44.043338,44.043338,44.043338,44.043338,1,44.043338
2006-10-24,43.940316,43.940316,43.940316,43.940316,1,43.940316
2006-10-23,43.847270,43.847270,43.847270,43.847270,1,43.847270
2006-10-20,43.764560,43.764560,43.764560,43.764560,1,43.764560
2006-10-19,43.692505,43.692505,43.692505,43.692505,1,43.692505
2006-10-18,43.631382,43.631382,43.631382,43.631382,1,43.631382
2006-10-17,43.581427,43.581427,43.581427,43.581427,1,43.581427
2006-10-16,43.542834,43.542834,43.542834,43.542834,1,43.542834
2006-10-13,43.515750,43.515750,43.515750,43.515750,1,43.515750
2006-10-12,43.500282,43.500282,43.500282,43.500282,1,43.500282
2006-10-11,43.496487,43.496487,43.496487,43.496487,1,43.496487
2006-10-10,43.504381,43.504381,43.504381,43.504381,1,43.504381
2006-10-09,43.523933,43.523933,43.523933,43.523933,1,43.523933
2006-10-06,43.555068,43.555068,43.555068,43.555068,1,43.555068
2006-10-05,43.597667,43.597667,43.597667,43.597667,1,43.597667
2006-10-04,43.651563,43.651563,43.651563,43.651563,1,43.651563
2006-10-03,43.716550,43.716550,43.716550,43.716550,1,43.716550
2006-10-02,43.792377,43.792377,43.792377,43.792377,1,43.792377
2006-09-29,43.878751,43.878751,43.878751,43.878751,1,43.878751
2006-09-28,43.975339,43.975339,43.975339,43.975339,1,43.975339
2006-09-27,44.081769,44.081769,44.081769,44.081769,1,44.081769
2006-09-26,44.197629,44.197629,44.197629,44.197629,1,44.197629
2006-09-25,44.322473,44.322473,44.322473,44.322473,1,44.322473
2006-09-22,44.455819,44.455819,44.455819,44.455819,1,44.455819
2006-09-21,44.597153,44.597153,44.597153,44.597153,1,44.597153
2006-09-20,44.745929,44.745929,44.745929,44.745929,1,44.745929
2006-09-19,44.901574,44.901574,44.901574,44.901574,1,44.901574
2006-09-18,45.063486,45.063486,45.063486,45.063486,1,45.063486
2006-09-15,45.231042,45.231042,45.231042,45.231042,1,45.231042
2006-09-14,45.403594,45.403594,45.403594,45.403594,1,45.403594
2006-09-13,45.580478,45.580478,45.580478,45.580478,1,45.580478
2006-09-12,45.761010,45.761010,45.761010,45.761010,1,45.761010
2006-09-11,45.944495,45.944495,45.944495,45.944495,1,45.944495
2006-09-08,46.130223,46.130223,46.130223,46.130223,1,46.130223
2006-09-07,46.317480,46.317480,46.317480,46.317480,1,46.317480
2006-09-06,46.505541,46.505541,46.505541,46.505541,1,46.505541
2006-09-05,46.693682,46.693682,46.693682,46.693682,1,46.693682
2006-09-01,46.881178,46.881178,46.881178,46.881178,1,46.881178
2006-08-31,47.067303,47.067303,47.067303,47.067303,1,47.067303
2006-08-30,47.251341,47.251341,47.251341,47.251341,1,47.251341
2006-08-29,47.432582,47.432582,47.432582,47.432582,1,47.432582
2006-08-28,47.610325,47.610325,47.610325,47.610325,1,47.610325
2006-08-25,47.783886,47.783886,47.783886,47.783886,1,47.783886
2006-08-24,47.952595,47.952595,47.952595,47.952595,1,47.952595
2006-08-23,48.115801,48.115801,48.115801,48.115801,1,48.115801
2006-08-22,48.272873,48.272873,48.272873,48.272873,1,48.272873
2006-08-21,48.423208,48.423208,48.423208,48.423208,1,48.423208
2006-08-18,48.566223,48.566223,48.566223,48.566223,1,48.566223
2006-08-17,48.701368,48.701368,48.701368,48.701368,1,48.701368
2006-08-16,48.828121,48.828121,48.828121,48.828121,1,48.828121
2006-08-15,48.945993,48.945993,48.945993,48.945993,1,48.945993
2006-08-14,49.054529,49.054529,49.054529,49.054529,1,49.054529
2006-08-11,49.153311,49.153311,49.153311,49.153311,1,49.153311
2006-08-10,49.241957,49.241957,49.241957,49.241957,1,49.241957
2006-08-09,49.320126,49.320126,49.320126,49.320126,1,49.320126
2006-08-08,49.387515,49.387515,49.387515,49.387515,1,49.387515
2006-08-07,49.443866,49.443866,49.443866,49.443866,1,49.443866
2006-08-04,49.488960,49.488960,49.488960,49.488960,1,49.488960
2006-08-03,49.522624,49.522624,49.522624,49.522624,1,49.522624
2006-08-02,49.544727,49.544727,49.544727,49.544727,1,49.544727
2006-08-01,49.555184,49.555184,49.555184,49.555184,1,49.555184
2006-07-31,49.553956,49.553956,49.553956,49.553956,1,49.553956
2006-07-28,49.541046,49.541046,49.541046,49.541046,1,49.541046
2006-07-27,49.516505,49.516505,49.516505,49.516505,1,49.516505
2006-07-26,49.480427,49.480427,49.480427,49.480427,1,49.480427
2006-07-25,49.432952,49.432952,49.432952,49.432952,1,49.432952
2006-07-24,49.374262,49.374262,49.374262,49.374262,1,49.374262
2006-07-21,49.304584,49.304584,49.304584,49.304584,1,49.304584
2006-07-20,49.224187,49.224187,49.224187,49.224187,1,49.224187
2006-07-19,49.133381,49.133381,49.133381,49.133381,1,49.133381
2006-07-18,49.032516,49.032516,49.032516,49.032516,1,49.032516
2006-07-17,48.921982,48.921982,48.921982,48.921982,1,48.921982
2006-07-14,48.802205,48.802205,48.802205,48.802205,1,48.802205
2006-07-13,48.673647,48.673647,48.673647,48.673647,1,48.673647
2006-07-12,48.536804,48.536804,48.536804,48.536804,1,48.536804
2006-07-11,48.392204,48.392204,48.392204,48.392204,1,48.392204
2006-07-10,48.240404,48.240404,48.240404,48.240404,1,48.240404
2006-07-07,48.081992,48.081992,48.081992,48.081992,1,48.081992
2006-07-06,47.917577,47.917577,47.917577,47.917577,1,47.917577
2006-07-05,47.747794,47.747794,47.747794,47.747794,1,47.747794
2006-07-03,47.573297,47.573297,47.573297,47.573297,1,47.573297
2006-06-30,47.394762,47.394762,47.394762,47.394762,1,47.394762
2006-06-29,47.212875,47.212875,47.212875,47.212875,1,47.212875
2006-06-28,47.028339,47.028339,47.028339,47.028339,1,47.028339
2006-06-27,46.841866,46.841866,46.841866,46.841866,1,46.841866
2006-06-26,46.654175,46.654175,46.654175,46.654175,1,46.654175
2006-06-23,46.465990,46.465990,46.465990,46.465990,1,46.465990
2006-06-22,46.278037,46.278037,46.278037,46.278037,1,46.278037
2006-06-21,46.091042,46.091042,46.091042,46.091042,1,46.091042
2006-06-20,45.905726,45.905726,45.905726,45.905726,1,45.905726
2006-06-19,45.722803,45.722803,45.722803,45.722803,1,45.722803
2006-06-16,45.542981,45.542981,45.542981,45.542981,1,45.542981
2006-06-15,45.366951,45.366951,45.366951,45.366951,1,45.366951
2006-06-14,45.195394,45.195394,45.195394,45.195394,1,45.195394
2006-06-13,45.028971,45.028971,45.028971,45.028971,1,45.028971
2006-06-12,44.868325,44.868325,44.868325,44.868325,1,44.868325
2006-06-09,44.714075,44.714075,44.714075,44.714075,1,44.714075
2006-06-08,44.566816,44.566816,44.566816,44.566816,1,44.566816
2006-06-07,44.427116,44.427116,44.427116,44.427116,1,44.427116
2006-06-06,44.295515,44.295515,44.295515,44.295515,1,44.295515
2006-06-05,44.172520,44.172520,44.172520,44.172520,1,44.172520
2006-06-02,44.058606,44.058606,44.058606,44.058606,1,44.058606
2006-06-01,43.954212,43.954212,43.954212,43.954212,1,43.954212
2006-05-31,43.859741,43.859741,43.859741,43.859741,1,43.859741
2006-05-30,43.775557,43.775557,43.775557,43.775557,1,43.775557
2006-05-26,43.701985,43.701985,43.701985,43.701985,1,43.701985
2006-05-25,43.639309,43.639309,43.639309,43.639309,1,43.639309
2006-05-24,43.587771,43.587771,43.587771,43.587771,1,43.587771
2006-05-23,43.547569,43.547569,43.547569,43.547569,1,43.547569
2006-05-22,43.518860,43.518860,43.518860,43.518860,1,43.518860
2006-05-19,43.501753,43.501753,43.501753,43.501753,1,43.501753
2006-05-18,43.496314,43.496314,43.496314,43.496314,1,43.496314
2006-05-17,43.502565,43.502565,43.502565,43.502565,1,43.502565
2006-05-16,43.520481,43.520481,43.520481,43.520481,1,43.520481
2006-05-15,43.549993,43.549993,43.549993,43.549993,1,43.549993
2006-05-12,43.590988,43.590988,43.590988,43.590988,1,43.590988
2006-05-11,43.643307,43.643307,43.643307,43.643307,1,43.643307
2006-05-10,43.706748,43.706748,43.706748,43.706748,1,43.706748
2006-05-09,43.781067,43.781067,43.781067,43.781067,1,43.781067
2006-05-08,43.865977,43.865977,43.865977,43.865977,1,43.865977
2006-05-05,43.961150,43.961150,43.961150,43.961150,1,43.961150
2006-05-04,44.066220,44.066220,44.066220,44.066220,1,44.066220
2006-05-03,44.180780,44.180780,44.180780,44.180780,1,44.180780
2006-05-02,44.304388,44.304388,44.304388,44.304388,1,44.304388
2006-05-01,44.436569,44.436569,44.436569,44.436569,1,44.436569
2006-04-28,44.576812,44.576812,44.576812,44.576812,1,44.576812
2006-04-27,44.724575,44.724575,44.724575,44.724575,1,44.724575
2006-04-26,44.879289,44.879289,44.879289,44.879289,1,44.879289
2006-04-25,45.040357,45.040357,45.040357,45.040357,1,45.040357
2006-04-24,45.207158,45.207158,45.207158,45.207158,1,45.207158
2006-04-21,45.379047,45.379047,45.379047,45.379047,1,45.379047
2006-04-20,45.555363,45.555363,45.555363,45.555363,1,45.555363
2006-04-19,45.735424,45.735424,45.735424,45.735424,1,45.735424
2006-04-18,45.918535,45.918535,45.918535,45.918535,1,45.918535
2006-04-17,46.103991,46.103991,46.103991,46.103991,1,46.103991
2006-04-13,46.291076,46.291076,46.291076,46.291076,1,46.291076
2006-04-12,46.479069,46.479069,46.479069,46.479069,1,46.479069
2006-04-11,46.667243,46.667243,46.667243,46.667243,1,46.667243
2006-04-10,46.854872,46.854872,46.854872,46.854872,1,46.854872
2006-04-07,47.041234,47.041234,47.041234,47.041234,1,47.041234
2006-04-06,47.225609,47.225609,47.225609,47.225609,1,47.225609
2006-04-05,47.407286,47.407286,47.407286,47.407286,1,47.407286
2006-04-04,47.585563,47.585563,47.585563,47.585563,1,47.585563
2006-04-03,47.759753,47.759753,47.759753,47.759753,1,47.759753
2006-03-31,47.929184,47.929184,47.929184,47.929184,1,47.929184
2006-03-30,48.093202,48.093202,48.093202,48.093202,1,48.093202
2006-03-29,48.251175,48.251175,48.251175,48.251175,1,48.251175
2006-03-28,48.402492,48.402492,48.402492,48.402492,1,48.402492
2006-03-27,48.546571,48.546571,48.546571,48.546571,1,48.546571
2006-03-24,48.682855,48.682855,48.682855,48.682855,1,48.682855
2006-03-23,48.810819,48.810819,48.810819,48.810819,1,48.810819
2006-03-22,48.929968,48.929968,48.929968,48.929968,1,48.929968
2006-03-21,49.039843,49.039843,49.039843,49.039843,1,49.039843
2006-03-20,49.140021,49.140021,49.140021,49.140021,1,49.140021
2006-03-17,49.230115,49.230115,49.230115,49.230115,1,49.230115
2006-03-16,49.309776,49.309776,49.309776,49.309776,1,49.309776
2006-03-15,49.378699,49.378699,49.378699,49.378699,1,49.378699
2006-03-14,49.436616,49.436616,49.436616,49.436616,1,49.436616
2006-03-13,49.483305,49.483305,49.483305,49.483305,1,49.483305
2006-03-10,49.518585,49.518585,49.518585,49.518585,1,49.518585
2006-03-09,49.542320,49.542320,49.542320,49.542320,1,49.542320
2006-03-08,49.554419,49.554419,49.554419,49.554419,1,49.554419
2006-03-07,49.554835,49.554835,49.554835,49.554835,1,49.554835
2006-03-06,49.543567,49.543567,49.543567,49.543567,1,49.543567
2006-03-03,49.520657,49.520657,49.520657,49.520657,1,49.520657
2006-03-02,49.486194,49.486194,49.486194,49.486194,1,49.486194
2006-03-01,49.440312,49.440312,49.440312,49.440312,1,49.440312
2006-02-28,49.383186,49.383186,49.383186,49.383186,1,49.383186
2006-02-27,49.315039,49.315039,49.315039,49.315039,1,49.315039
2006-02-24,49.236132,49.236132,49.236132,49.236132,1,49.236132
2006-02-23,49.146769,49.146769,49.146769,49.146769,1,49.146769
2006-02-22,49.047297,49.047297,49.047297,49.047297,1,49.047297
2006-02-21,48.938098,48.938098,48.938098,48.938098,1,48.938098
2006-02-17,48.819593,48.819593,48.819593,48.819593,1,48.819593
2006-02-16,48.692241,48.692241,48.692241,48.692241,1,48.692241
2006-02-15,48.556532,48.556532,48.556532,48.556532,1,48.556532
2006-02-14,48.412990,48.412990,48.412990,48.412990,1,48.412990
2006-02-13,48.262169,48.262169,48.262169,48.262169,1,48.262169
2006-02-10,48.104650,48.104650,48.104650,48.104650,1,48.104650
2006-02-09,47.941041,47.941041,47.941041,47.941041,1,47.941041
2006-02-08,47.771974,47.771974,47.771974,47.771974,1,47.771974
2006-02-07,47.598100,47.598100,47.598100,47.598100,1,47.598100
2006-02-06,47.420091,47.420091,47.420091,47.420091,1,47.420091
2006-02-03,47.238634,47.238634,47.238634,47.238634,1,47.238634
2006-02-02,47.054428,47.054428,47.054428,47.054428,1,47.054428
2006-02-01,46.868183,46.868183,46.868183,46.868183,1,46.868183
2006-01-31,46.680620,46.680620,46.680620,46.680620,1,46.680620
2006-01-30,46.492461,46.492461,46.492461,46.492461,1,46.492461
2006-01-27,46.304432,46.304432,46.304432,46.304432,1,46.304432
2006-01-26,46.117258,46.117258,46.117258,46.117258,1,46.117258
2006-01-25,45.931662,45.931662,45.931662,45.931662,1,45.931662
2006-01-24,45.748360,45.748360,45.748360,45.748360,1,45.748360
2006-01-23,45.568059,45.568059,45.568059,45.568059,1,45.568059
2006-01-20,45.391455,45.391455,45.391455,45.391455,1,45.391455
2006-01-19,45.219228,45.219228,45.219228,45.219228,1,45.219228
2006-01-18,45.052044,45.052044,45.052044,45.052044,1,45.052044
2006-01-17,44.890547,44.890547,44.890547,44.890547,1,44.890547
2006-01-13,44.735361,44.735361,44.735361,44.735361,1,44.735361
2006-01-12,44.587084,44.587084,44.587084,44.587084,1,44.587084
2006-01-11,44.446288,44.446288,44.446288,44.446288,1,44.446288
2006-01-10,44.313516,44.313516,44.313516,44.313516,1,44.313516
2006-01-09,44.189281,44.189281,44.189281,44.189281,1,44.189281
2006-01-06,44.074063,44.074063,44.074063,44.074063,1,44.074063
2006-01-05,43.968304,43.968304,43.968304,43.968304,1,43.968304
2006-01-04,43.872414,43.872414,43.872414,43.872414,1,43.872414
2006-01-03,43.786763,43.786763,43.786763,43.786763,1,43.786763
2005-12-30,43.711680,43.711680,43.711680,43.711680,1,43.711680
2005-12-29,43.647456,43.647456,43.647456,43.647456,1,43.647456
2005-12-28,43.594339,43.594339,43.594339,43.594339,1,43.594339
2005-12-27,43.552532,43.552532,43.552532,43.552532,1,43.552532
2005-12-23,43.522199,43.522199,43.522199,43.522199,1,43.522199
2005-12-22,43.503455,43.503455,43.503455,43.503455,1,43.503455
2005-12-21,43.496372,43.496372,43.496372,43.496372,1,43.496372
2005-12-20,43.500980,43.500980,43.500980,43.500980,1,43.500980
2005-12-19,43.517258,43.517258,43.517258,43.517258,1,43.517258
2005-12-16,43.545145,43.545145,43.545145,43.545145,1,43.545145
2005-12-15,43.584534,43.584534,43.584534,43.584534,1,43.584534
2005-12-14,43.635271,43.635271,43.635271,43.635271,1,43.635271
2005-12-13,43.697162,43.697162,43.697162,43.697162,1,43.697162
2005-12-12,43.769967,43.769967,43.769967,43.769967,1,43.769967
2005-12-09,43.853406,43.853406,43.853406,43.853406,1,43.853406
2005-12-08,43.947157,43.947157,43.947157,43.947157,1,43.947157
2005-12-07,44.050858,44.050858,44.050858,44.050858,1,44.050858
2005-12-06,44.164109,44.164109,44.164109,44.164109,1,44.164109
2005-12-05,44.286473,44.286473,44.286473,44.286473,1,44.286473
2005-12-02,44.417478,44.417478,44.417478,44.417478,1,44.417478
2005-12-01,44.556619,44.556619,44.556619,44.556619,1,44.556619
2005-11-30,44.703359,44.703359,44.703359,44.703359,1,44.703359
2005-11-29,44.857131,44.857131,44.857131,44.857131,1,44.857131
2005-11-28,45.017342,45.017342,45.017342,45.017342,1,45.017342
2005-11-25,45.183375,45.183375,45.183375,45.183375,1,45.183375
2005-11-23,45.354588,45.354588,45.354588,45.354588,1,45.354588
2005-11-22,45.530322,45.530322,45.530322,45.530322,1,45.530322
2005-11-21,45.709897,45.709897,45.709897,45.709897,1,45.709897
2005-11-18,45.892622,45.892622,45.892622,45.892622,1,45.892622
2005-11-17,46.077792,46.077792,46.077792,46.077792,1,46.077792
2005-11-16,46.264691,46.264691,46.264691,46.264691,1,46.264691
2005-11-15,46.452600,46.452600,46.452600,46.452600,1,46.452600
2005-11-14,46.640792,46.640792,46.640792,46.640792,1,46.640792
2005-11-11,46.828542,46.828542,46.828542,46.828542,1,46.828542
2005-11-10,47.015126,47.015126,47.015126,47.015126,1,47.015126
2005-11-09,47.199823,47.199823,47.199823,47.199823,1,47.199823
2005-11-08,47.381922,47.381922,47.381922,47.381922,1,47.381922
2005-11-07,47.560719,47.560719,47.560719,47.560719,1,47.560719
2005-11-04,47.735525,47.735525,47.735525,47.735525,1,47.735525
2005-11-03,47.905665,47.905665,47.905665,47.905665,1,47.905665
2005-11-02,48.070484,48.070484,48.070484,48.070484,1,48.070484
2005-11-01,48.229344,48.229344,48.229344,48.229344,1,48.229344
2005-10-31,48.381634,48.381634,48.381634,48.381634,1,48.381634
2005-10-28,48.526765,48.526765,48.526765,48.526765,1,48.526765
2005-10-27,48.664178,48.664178,48.664178,48.664178,1,48.664178
2005-10-26,48.793342,48.793342,48.793342,48.793342,1,48.793342
2005-10-25,48.913760,48.913760,48.913760,48.913760,1,48.913760
2005-10-24,49.024966,49.024966,49.024966,49.024966,1,49.024966
2005-10-21,49.126532,49.126532,49.126532,49.126532,1,49.126532
2005-10-20,49.218066,49.218066,49.218066,49.218066,1,49.218066
2005-10-19,49.299214,49.299214,49.299214,49.299214,1,49.299214
2005-10-18,49.369664,49.369664,49.369664,49.369664,1,49.369664
2005-10-17,49.429144,49.429144,49.429144,49.429144,1,49.429144
2005-10-14,49.477424,49.477424,49.477424,49.477424,1,49.477424
2005-10-13,49.514318,49.514318,49.514318,49.514318,1,49.514318
2005-10-12,49.539683,49.539683,49.539683,49.539683,1,49.539683
2005-10-11,49.553423,49.553423,49.553423,49.553423,1,49.553423
2005-10-10,49.555483,49.555483,49.555483,49.555483,1,49.555483
2005-10-07,49.545856,49.545856,49.545856,49.545856,1,49.545856
2005-10-06,49.524580,49.524580,49.524580,49.524580,1,49.524580
2005-10-05,49.491735,49.491735,49.491735,49.491735,1,49.491735
2005-10-04,49.447449,49.447449,49.447449,49.447449,1,49.447449
2005-10-03,49.391893,49.391893,49.391893,49.391893,1,49.391893
2005-09-30,49.325280,49.325280,49.325280,49.325280,1,49.325280
2005-09-29,49.247869,49.247869,49.247869,49.247869,1,49.247869
2005-09-28,49.159958,49.159958,49.159958,49.159958,1,49.159958
2005-09-27,49.061885,49.061885,49.061885,49.061885,1,49.061885
2005-09-26,48.954029,48.954029,48.954029,48.954029,1,48.954029
2005-09-23,48.836807,48.836807,48.836807,48.836807,1,48.836807
2005-09-22,48.710670,48.710670,48.710670,48.710670,1,48.710670
2005-09-21,48.576106,48.576106,48.576106,48.576106,1,48.576106
2005-09-20,48.433632,48.433632,48.433632,48.433632,1,48.433632
2005-09-19,48.283800,48.283800,48.283800,48.283800,1,48.283800
2005-09-16,48.127187,48.127187,48.127187,48.127187,1,48.127187
2005-09-15,47.964397,47.964397,47.964397,47.964397,1,47.964397
2005-09-14,47.796059,47.796059,47.796059,47.796059,1,47.796059
2005-09-13,47.622821,47.622821,47.622821,47.622821,1,47.622821
2005-09-12,47.445353,47.445353,47.445353,47.445353,1,47.445353
2005-09-09,47.264338,47.264338,47.264338,47.264338,1,47.264338
2005-09-08,47.080476,47.080476,47.080476,47.080476,1,47.080476
2005-09-07,46.894475,46.894475,46.894475,46.894475,1,46.894475
2005-09-06,46.707054,46.707054,46.707054,46.707054,1,46.707054
2005-09-02,46.518934,46.518934,46.518934,46.518934,1,46.518934
2005-09-01,46.330843,46.330843,46.330843,46.330843,1,46.330843
2005-08-31,46.143505,46.143505,46.143505,46.143505,1,46.143505
2005-08-30,45.957644,45.957644,45.957644,45.957644,1,45.957644
2005-08-29,45.773977,45.773977,45.773977,45.773977,1,45.773977
2005-08-26,45.593211,45.593211,45.593211,45.593211,1,45.593211
2005-08-25,45.416045,45.416045,45.416045,45.416045,1,45.416045
2005-08-24,45.243163,45.243163,45.243163,45.243163,1,45.243163
2005-08-23,45.075230,45.075230,45.075230,45.075230,1,45.075230
2005-08-22,44.912895,44.912895,44.912895,44.912895,1,44.912895
2005-08-19,44.756784,44.756784,44.756784,44.756784,1,44.756784
2005-08-18,44.607500,44.607500,44.607500,44.607500,1,44.607500
2005-08-17,44.465618,44.465618,44.465618,44.465618,1,44.465618
2005-08-16,44.331686,44.331686,44.331686,44.331686,1,44.331686
2005-08-15,44.206221,44.206221,44.206221,44.206221,1,44.206221
2005-08-12,44.089706,44.089706,44.089706,44.089706,1,44.089706
2005-08-11,43.982592,43.982592,43.982592,43.982592,1,43.982592
2005-08-10,43.885291,43.885291,43.885291,43.885291,1,43.885291
2005-08-09,43.798178,43.798178,43.798178,43.798178,1,43.798178
2005-08-08,43.721591,43.721591,43.721591,43.721591,1,43.721591
2005-08-05,43.655824,43.655824,43.655824,43.655824,1,43.655824
2005-08-04,43.601130,43.601130,43.601130,43.601130,1,43.601130
2005-08-03,43.557722,43.557722,43.557722,43.557722,1,43.557722
2005-08-02,43.525767,43.525767,43.525767,43.525767,1,43.525767
2005-08-01,43.505387,43.505387,43.505387,43.505387,1,43.505387
2005-07-29,43.496662,43.496662,43.496662,43.496662,1,43.496662
2005-07-28,43.499625,43.499625,43.499625,43.499625,1,43.499625
2005-07-27,43.514265,43.514265,43.514265,43.514265,1,43.514265
2005-07-26,43.540525,43.540525,43.540525,43.540525,1,43.540525
2005-07-25,43.578304,43.578304,43.578304,43.578304,1,43.578304
2005-07-22,43.627456,43.627456,43.627456,43.627456,1,43.627456
2005-07-21,43.687791,43.687791,43.687791,43.687791,1,43.687791
2005-07-20,43.759078,43.759078,43.759078,43.759078,1,43.759078
2005-07-19,43.841040,43.841040,43.841040,43.841040,1,43.841040
2005-07-18,43.933361,43.933361,43.933361,43.933361,1,43.933361
2005-07-15,44.035686,44.035686,44.035686,44.035686,1,44.035686
2005-07-14,44.147619,44.147619,44.147619,44.147619,1,44.147619
2005-07-13,44.268729,44.268729,44.268729,44.268729,1,44.268729
2005-07-12,44.398549,44.398549,44.398549,44.398549,1,44.398549
2005-07-11,44.536577,44.536577,44.536577,44.536577,1,44.536577
2005-07-08,44.682281,44.682281,44.682281,44.682281,1,44.682281
2005-07-07,44.835099,44.835099,44.835099,44.835099,1,44.835099
2005-07-06,44.994442,44.994442,44.994442,44.994442,1,44.994442
2005-07-05,45.159694,45.159694,45.159694,45.159694,1,45.159694
2005-07-01,45.330218,45.330218,45.330218,45.330218,1,45.330218
2005-06-30,45.505357,45.505357,45.505357,45.505357,1,45.505357
2005-06-29,45.684434,45.684434,45.684434,45.684434,1,45.684434
2005-06-28,45.866758,45.866758,45.866758,45.866758,1,45.866758
2005-06-27,46.051627,46.051627,46.051627,46.051627,1,46.051627
2005-06-24,46.238326,46.238326,46.238326,46.238326,1,46.238326
2005-06-23,46.426136,46.426136,46.426136,46.426136,1,46.426136
2005-06-22,46.614333,46.614333,46.614333,46.614333,1,46.614333
2005-06-21,46.802189,46.802189,46.802189,46.802189,1,46.802189
2005-06-20,46.988980,46.988980,46.988980,46.988980,1,46.988980
2005-06-17,47.173986,47.173986,47.173986,47.173986,1,47.173986
2005-06-16,47.356493,47.356493,47.356493,47.356493,1,47.356493
2005-06-15,47.535797,47.535797,47.535797,47.535797,1,47.535797
2005-06-14,47.711205,47.711205,47.711205,47.711205,1,47.711205
2005-06-13,47.882042,47.882042,47.882042,47.882042,1,47.882042
2005-06-10,48.047648,48.047648,48.047648,48.047648,1,48.047648
2005-06-09,48.207383,48.207383,48.207383,48.207383,1,48.207383
2005-06-08,48.360633,48.360633,48.360633,48.360633,1,48.360633
2005-06-07,48.506806,48.506806,48.506806,48.506806,1,48.506806
2005-06-06,48.645337,48.645337,48.645337,48.645337,1,48.645337
2005-06-03,48.775692,48.775692,48.775692,48.775692,1,48.775692
2005-06-02,48.897369,48.897369,48.897369,48.897369,1,48.897369
2005-06-01,49.009898,49.009898,49.009898,49.009898,1,49.009898
2005-05-31,49.112844,49.112844,49.112844,49.112844,1,49.112844
2005-05-27,49.205811,49.205811,49.205811,49.205811,1,49.205811
2005-05-26,49.288440,49.288440,49.288440,49.288440,1,49.288440
2005-05-25,49.360412,49.360412,49.360412,49.360412,1,49.360412
2005-05-24,49.421450,49.421450,49.421450,49.421450,1,49.421450
2005-05-23,49.471317,49.471317,49.471317,49.471317,1,49.471317
2005-05-20,49.509823,49.509823,49.509823,49.509823,1,49.509823
2005-05-19,49.536817,49.536817,49.536817,49.536817,1,49.536817
2005-05-18,49.552196,49.552196,49.552196,49.552196,1,49.552196
2005-05-17,49.555900,49.555900,49.555900,49.555900,1,49.555900
2005-05-16,49.547916,49.547916,49.547916,49.547916,1,49.547916
2005-05-13,49.528274,49.528274,49.528274,49.528274,1,49.528274
2005-05-12,49.497049,49.497049,49.497049,49.497049,1,49.497049
2005-05-11,49.454363,49.454363,49.454363,49.454363,1,49.454363
2005-05-10,49.400380,49.400380,49.400380,49.400380,1,49.400380
2005-05-09,49.335308,49.335308,49.335308,49.335308,1,49.335308
2005-05-06,49.259399,49.259399,49.259399,49.259399,1,49.259399
2005-05-05,49.172945,49.172945,49.172945,49.172945,1,49.172945
2005-05-04,49.076279,49.076279,49.076279,49.076279,1,49.076279
2005-05-03,48.969775,48.969775,48.969775,48.969775,1,48.969775
2005-05-02,48.853844,48.853844,48.853844,48.853844,1,48.853844
2005-04-29,48.728932,48.728932,48.728932,48.728932,1,48.728932
2005-04-28,48.595522,48.595522,48.595522,48.595522,1,48.595522
2005-04-27,48.454129,48.454129,48.454129,48.454129,1,48.454129
2005-04-26,48.305298,48.305298,48.305298,48.305298,1,48.305298
2005-04-25,48.149602,48.149602,48.149602,48.149602,1,48.149602
2005-04-22,47.987644,47.987644,47.987644,47.987644,1,47.987644
2005-04-21,47.820047,47.820047,47.820047,47.820047,1,47.820047
2005-04-20,47.647459,47.647459,47.647459,47.647459,1,47.647459
2005-04-19,47.470544,47.470544,47.470544,47.470544,1,47.470544
2005-04-18,47.289986,47.289986,47.289986,47.289986,1,47.289986
2005-04-15,47.106482,47.106482,47.106482,47.106482,1,47.106482
2005-04-14,46.920739,46.920739,46.920739,46.920739,1,46.920739
2005-04-13,46.733473,46.733473,46.733473,46.733473,1,46.733473
2005-04-12,46.545408,46.545408,46.545408,46.545408,1,46.545408
2005-04-11,46.357269,46.357269,46.357269,46.357269,1,46.357269
2005-04-08,46.169782,46.169782,46.169782,46.169782,1,46.169782
2005-04-07,45.983670,45.983670,45.983670,45.983670,1,45.983670
2005-04-06,45.799651,45.799651,45.799651,45.799651,1,45.799651
2005-04-05,45.618435,45.618435,45.618435,45.618435,1,45.618435
2005-04-04,45.440721,45.440721,45.440721,45.440721,1,45.440721
2005-04-01,45.267195,45.267195,45.267195,45.267195,1,45.267195
2005-03-31,45.098526,45.098526,45.098526,45.098526,1,45.098526
2005-03-30,44.935365,44.935365,44.935365,44.935365,1,44.935365
2005-03-29,44.778342,44.778342,44.778342,44.778342,1,44.778342
2005-03-28,44.628062,44.628062,44.628062,44.628062,1,44.628062
2005-03-24,44.485106,44.485106,44.485106,44.485106,1,44.485106
2005-03-23,44.350024,44.350024,44.350024,44.350024,1,44.350024
2005-03-22,44.223338,44.223338,44.223338,44.223338,1,44.223338
2005-03-21,44.105536,44.105536,44.105536,44.105536,1,44.105536
2005-03-18,43.997074,43.997074,43.997074,43.997074,1,43.997074
2005-03-17,43.898369,43.898369,43.898369,43.898369,1,43.898369
2005-03-16,43.809802,43.809802,43.809802,43.809802,1,43.809802
2005-03-15,43.731715,43.731715,43.731715,43.731715,1,43.731715
2005-03-14,43.664410,43.664410,43.664410,43.664410,1,43.664410
2005-03-11,43.608145,43.608145,43.608145,43.608145,1,43.608145
2005-03-10,43.563139,43.563139,43.563139,43.563139,1,43.563139
2005-03-09,43.529564,43.529564,43.529564,43.529564,1,43.529564
2005-03-08,43.507551,43.507551,43.507551,43.507551,1,43.507551
2005-03-07,43.497183,43.497183,43.497183,43.497183,1,43.497183
2005-03-04,43.498502,43.498502,43.498502,43.498502,1,43.498502
2005-03-03,43.511502,43.511502,43.511502,43.511502,1,43.511502
2005-03-02,43.536133,43.536133,43.536133,43.536133,1,43.536133
2005-03-01,43.572299,43.572299,43.572299,43.572299,1,43.572299
2005-02-28,43.619862,43.619862,43.619862,43.619862,1,43.619862
2005-02-25,43.678637,43.678637,43.678637,43.678637,1,43.678637
2005-02-24,43.748399,43.748399,43.748399,43.748399,1,43.748399
2005-02-23,43.828878,43.828878,43.828878,43.828878,1,43.828878
2005-02-22,43.919763,43.919763,43.919763,43.919763,1,43.919763
2005-02-18,44.020704,44.020704,44.020704,44.020704,1,44.020704
2005-02-17,44.131311,44.131311,44.131311,44.131311,1,44.131311
2005-02-16,44.251158,44.251158,44.251158,44.251158,1,44.251158
2005-02-15,44.379782,44.379782,44.379782,44.379782,1,44.379782
2005-02-14,44.516687,44.516687,44.516687,44.516687,1,44.516687
2005-02-11,44.661345,44.661345,44.661345,44.661345,1,44.661345
2005-02-10,44.813197,44.813197,44.813197,44.813197,1,44.813197
2005-02-09,44.971659,44.971659,44.971659,44.971659,1,44.971659
2005-02-08,45.136118,45.136118,45.136118,45.136118,1,45.136118
2005-02-07,45.305940,45.305940,45.305940,45.305940,1,45.305940
2005-02-04,45.480470,45.480470,45.480470,45.480470,1,45.480470
2005-02-03,45.659034,45.659034,45.659034,45.659034,1,45.659034
2005-02-02,45.840944,45.840944,45.840944,45.840944,1,45.840944
2005-02-01,46.025498,46.025498,46.025498,46.025498,1,46.025498
2005-01-31,46.211983,46.211983,46.211983,46.211983,1,46.211983
2005-01-28,46.399681,46.399681,46.399681,46.399681,1,46.399681
2005-01-27,46.587866,46.587866,46.587866,46.587866,1,46.587866
2005-01-26,46.775814,46.775814,46.775814,46.775814,1,46.775814
2005-01-25,46.962799,46.962799,46.962799,46.962799,1,46.962799
2005-01-24,47.148100,47.148100,47.148100,47.148100,1,47.148100
2005-01-21,47.331001,47.331001,47.331001,47.331001,1,47.331001
2005-01-20,47.510797,47.510797,47.510797,47.510797,1,47.510797
2005-01-19,47.686795,47.686795,47.686795,47.686795,1,47.686795
2005-01-18,47.858315,47.858315,47.858315,47.858315,1,47.858315
2005-01-14,48.024695,48.024695,48.024695,48.024695,1,48.024695
2005-01-13,48.185295,48.185295,48.185295,48.185295,1,48.185295
2005-01-12,48.339493,48.339493,48.339493,48.339493,1,48.339493
2005-01-11,48.486696,48.486696,48.486696,48.486696,1,48.486696
2005-01-10,48.626335,48.626335,48.626335,48.626335,1,48.626335
2005-01-07,48.757871,48.757871,48.757871,48.757871,1,48.757871
2005-01-06,48.880798,48.880798,48.880798,48.880798,1,48.880798
2005-01-05,48.994640,48.994640,48.994640,48.994640,1,48.994640
2005-01-04,49.098959,49.098959,49.098959,49.098959,1,49.098959
2005-01-03,49.193352,49.193352,49.193352,49.193352,1,49.193352
2004-12-31,49.277456,49.277456,49.277456,49.277456,1,49.277456
2004-12-30,49.350944,49.350944,49.350944,49.350944,1,49.350944
2004-12-29,49.413535,49.413535,49.413535,49.413535,1,49.413535
2004-12-28,49.464986,49.464986,49.464986,49.464986,1,49.464986
2004-12-27,49.505099,49.505099,49.505099,49.505099,1,49.505099
2004-12-23,49.533720,49.533720,49.533720,49.533720,1,49.533720
2004-12-22,49.550737,49.550737,49.550737,49.550737,1,49.550737
2004-12-21,49.556086,49.556086,49.556086,49.556086,1,49.556086
2004-12-20,49.549745,49.549745,49.549745,49.549745,1,49.549745
2004-12-17,49.531739,49.531739,49.531739,49.531739,1,49.531739
2004-12-16,49.502137,49.502137,49.502137,49.502137,1,49.502137
2004-12-15,49.461054,49.461054,49.461054,49.461054,1,49.461054
2004-12-14,49.408648,49.408648,49.408648,49.408648,1,49.408648
2004-12-13,49.345122,49.345122,49.345122,49.345122,1,49.345122
2004-12-10,49.270720,49.270720,49.270720,49.270720,1,49.270720
2004-12-09,49.185730,49.185730,49.185730,49.185730,1,49.185730
2004-12-08,49.090479,49.090479,49.090479,49.090479,1,49.090479
2004-12-07,48.985335,48.985335,48.985335,48.985335,1,48.985335
2004-12-06,48.870703,48.870703,48.870703,48.870703,1,48.870703
2004-12-03,48.747026,48.747026,48.747026,48.747026,1,48.747026
2004-12-02,48.614781,48.614781,48.614781,48.614781,1,48.614781
2004-12-01,48.474478,48.474478,48.474478,48.474478,1,48.474478
2004-11-30,48.326659,48.326659,48.326659,48.326659,1,48.326659
2004-11-29,48.171894,48.171894,48.171894,48.171894,1,48.171894
2004-11-26,48.010779,48.010779,48.010779,48.010779,1,48.010779
2004-11-24,47.843936,47.843936,47.843936,47.843936,1,47.843936
2004-11-23,47.672010,47.672010,47.672010,47.672010,1,47.672010
2004-11-22,47.495663,47.495663,47.495663,47.495663,1,47.495663
2004-11-19,47.315576,47.315576,47.315576,47.315576,1,47.315576
2004-11-18,47.132444,47.132444,47.132444,47.132444,1,47.132444
2004-11-17,46.946972,46.946972,46.946972,46.946972,1,46.946972
2004-11-16,46.759877,46.759877,46.759877,46.759877,1,46.759877
2004-11-15,46.571881,46.571881,46.571881,46.571881,1,46.571881
2004-11-12,46.383709,46.383709,46.383709,46.383709,1,46.383709
2004-11-11,46.196086,46.196086,46.196086,46.196086,1,46.196086
2004-11-10,46.009737,46.009737,46.009737,46.009737,1,46.009737
2004-11-09,45.825380,45.825380,45.825380,45.825380,1,45.825380
2004-11-08,45.643727,45.643727,45.643727,45.643727,1,45.643727
2004-11-05,45.465479,45.465479,45.465479,45.465479,1,45.465479
2004-11-04,45.291323,45.291323,45.291323,45.291323,1,45.291323
2004-11-03,45.121931,45.121931,45.121931,45.121931,1,45.121931
2004-11-02,44.957957,44.957957,44.957957,44.957957,1,44.957957
2004-11-01,44.800034,44.800034,44.800034,44.800034,1,44.800034
2004-10-29,44.648770,44.648770,44.648770,44.648770,1,44.648770
2004-10-28,44.504749,44.504749,44.504749,44.504749,1,44.504749
2004-10-27,44.368527,44.368527,44.368527,44.368527,1,44.368527
2004-10-26,44.240630,44.240630,44.240630,44.240630,1,44.240630
2004-10-25,44.121551,44.121551,44.121551,44.121551,1,44.121551
2004-10-22,44.011748,44.011748,44.011748,44.011748,1,44.011748
2004-10-21,43.911647,43.911647,43.911647,43.911647,1,43.911647
2004-10-20,43.821633,43.821633,43.821633,43.821633,1,43.821633
2004-10-19,43.742053,43.742053,43.742053,43.742053,1,43.742053
2004-10-18,43.673215,43.673215,43.673215,43.673215,1,43.673215
2004-10-15,43.615383,43.615383,43.615383,43.615383,1,43.615383
2004-10-14,43.568782,43.568782,43.568782,43.568782,1,43.568782
2004-10-13,43.533590,43.533590,43.533590,43.533590,1,43.533590
2004-10-12,43.509945,43.509945,43.509945,43.509945,1,43.509945
2004-10-11,43.497936,43.497936,43.497936,43.497936,1,43.497936
2004-10-08,43.497610,43.497610,43.497610,43.497610,1,43.497610
2004-10-07,43.508969,43.508969,43.508969,43.508969,1,43.508969
2004-10-06,43.531968,43.531968,43.531968,43.531968,1,43.531968
2004-10-05,43.566520,43.566520,43.566520,43.566520,1,43.566520
2004-10-04,43.612490,43.612490,43.612490,43.612490,1,43.612490
2004-10-01,43.669701,43.669701,43.669701,43.669701,1,43.669701
2004-09-30,43.737933,43.737933,43.737933,43.737933,1,43.737933
2004-09-29,43.816922,43.816922,43.816922,43.816922,1,43.816922
2004-09-28,43.906364,43.906364,43.906364,43.906364,1,43.906364
2004-09-27,44.005913,44.005913,44.005913,44.005913,1,44.005913
2004-09-24,44.115185,44.115185,44.115185,44.115185,1,44.115185
2004-09-23,44.233760,44.233760,44.233760,44.233760,1,44.233760
2004-09-22,44.361178,44.361178,44.361178,44.361178,1,44.361178
2004-09-21,44.496950,44.496950,44.496950,44.496950,1,44.496950
2004-09-20,44.640550,44.640550,44.640550,44.640550,1,44.640550
2004-09-17,44.791426,44.791426,44.791426,44.791426,1,44.791426
2004-09-16,44.948994,44.948994,44.948994,44.948994,1,44.948994
2004-09-15,45.112647,45.112647,45.112647,45.112647,1,45.112647
2004-09-14,45.281754,45.281754,45.281754,45.281754,1,45.281754
2004-09-13,45.455662,45.455662,45.455662,45.455662,1,45.455662
2004-09-10,45.633701,45.633701,45.633701,45.633701,1,45.633701
2004-09-09,45.815182,45.815182,45.815182,45.815182,1,45.815182
2004-09-08,45.999407,45.999407,45.999407,45.999407,1,45.999407
2004-09-07,46.185664,46.185664,46.185664,46.185664,1,46.185664
2004-09-03,46.373235,46.373235,46.373235,46.373235,1,46.373235
2004-09-02,46.561396,46.561396,46.561396,46.561396,1,46.561396
2004-09-01,46.749421,46.749421,46.749421,46.749421,1,46.749421
2004-08-31,46.936585,46.936585,46.936585,46.936585,1,46.936585
2004-08-30,47.122166,47.122166,47.122166,47.122166,1,47.122166
2004-08-27,47.305447,47.305447,47.305447,47.305447,1,47.305447
2004-08-26,47.485722,47.485722,47.485722,47.485722,1,47.485722
2004-08-25,47.662296,47.662296,47.662296,47.662296,1,47.662296
2004-08-24,47.834486,47.834486,47.834486,47.834486,1,47.834486
2004-08-23,48.001629,48.001629,48.001629,48.001629,1,48.001629
2004-08-20,48.163079,48.163079,48.163079,48.163079,1,48.163079
2004-08-19,48.318214,48.318214,48.318214,48.318214,1,48.318214
2004-08-18,48.466436,48.466436,48.466436,48.466436,1,48.466436
2004-08-17,48.607172,48.607172,48.607172,48.607172,1,48.607172
2004-08-16,48.739879,48.739879,48.739879,48.739879,1,48.739879
2004-08-13,48.864046,48.864046,48.864046,48.864046,1,48.864046
2004-08-12,48.979194,48.979194,48.979194,48.979194,1,48.979194
2004-08-11,49.084878,49.084878,49.084878,49.084878,1,49.084878
2004-08-10,49.180690,49.180690,49.180690,49.180690,1,49.180690
2004-08-09,49.266261,49.266261,49.266261,49.266261,1,49.266261
2004-08-06,49.341261,49.341261,49.341261,49.341261,1,49.341261
2004-08-05,49.405400,49.405400,49.405400,49.405400,1,49.405400
2004-08-04,49.458431,49.458431,49.458431,49.458431,1,49.458431
2004-08-03,49.500149,49.500149,49.500149,49.500149,1,49.500149
2004-08-02,49.530394,49.530394,49.530394,49.530394,1,49.530394
2004-07-30,49.549048,49.549048,49.549048,49.549048,1,49.549048
2004-07-29,49.556040,49.556040,49.556040,49.556040,1,49.556040
2004-07-28,49.551342,49.551342,49.551342,49.551342,1,49.551342
2004-07-27,49.534974,49.534974,49.534974,49.534974,1,49.534974
2004-07-26,49.506997,49.506997,49.506997,49.506997,1,49.506997
2004-07-23,49.467521,49.467521,49.467521,49.467521,1,49.467521
2004-07-22,49.416697,49.416697,49.416697,49.416697,1,49.416697
2004-07-21,49.354720,49.354720,49.354720,49.354720,1,49.354720
2004-07-20,49.281832,49.281832,49.281832,49.281832,1,49.281832
2004-07-19,49.198312,49.198312,49.198312,49.198312,1,49.198312
2004-07-16,49.104483,49.104483,49.104483,49.104483,1,49.104483
2004-07-15,49.000706,49.000706,49.000706,49.000706,1,49.000706
2004-07-14,48.887383,48.887383,48.887383,48.887383,1,48.887383
2004-07-13,48.764951,48.764951,48.764951,48.764951,1,48.764951
2004-07-12,48.633881,48.633881,48.633881,48.633881,1,48.633881
2004-07-09,48.494679,48.494679,48.494679,48.494679,1,48.494679
2004-07-08,48.347883,48.347883,48.347883,48.347883,1,48.347883
2004-07-07,48.194059,48.194059,48.194059,48.194059,1,48.194059
2004-07-06,48.033800,48.033800,48.033800,48.033800,1,48.033800
2004-07-02,47.867725,47.867725,47.867725,47.867725,1,47.867725
2004-07-01,47.696474,47.696474,47.696474,47.696474,1,47.696474
2004-06-30,47.520709,47.520709,47.520709,47.520709,1,47.520709
2004-06-29,47.341106,47.341106,47.341106,47.341106,1,47.341106
2004-06-28,47.158359,47.158359,47.158359,47.158359,1,47.158359
2004-06-25,46.973174,46.973174,46.973174,46.973174,1,46.973174
2004-06-24,46.786264,46.786264,46.786264,46.786264,1,46.786264
2004-06-23,46.598350,46.598350,46.598350,46.598350,1,46.598350
2004-06-22,46.410159,46.410159,46.410159,46.410159,1,46.410159
2004-06-21,46.222415,46.222415,46.222415,46.222415,1,46.222415
2004-06-18,46.035843,46.035843,46.035843,46.035843,1,46.035843
2004-06-17,45.851163,45.851163,45.851163,45.851163,1,45.851163
2004-06-16,45.669087,45.669087,45.669087,45.669087,1,45.669087
2004-06-15,45.490318,45.490318,45.490318,45.490318,1,45.490318
2004-06-14,45.315545,45.315545,45.315545,45.315545,1,45.315545
2004-06-10,45.145444,45.145444,45.145444,45.145444,1,45.145444
2004-06-09,44.980669,44.980669,44.980669,44.980669,1,44.980669
2004-06-08,44.821857,44.821857,44.821857,44.821857,1,44.821857
2004-06-07,44.669621,44.669621,44.669621,44.669621,1,44.669621
2004-06-04,44.524547,44.524547,44.524547,44.524547,1,44.524547
2004-06-03,44.387196,44.387196,44.387196,44.387196,1,44.387196
2004-06-02,44.258097,44.258097,44.258097,44.258097,1,44.258097
2004-06-01,44.137749,44.137749,44.137749,44.137749,1,44.137749
2004-05-28,44.026615,44.026615,44.026615,44.026615,1,44.026615
2004-05-27,43.925125,43.925125,43.925125,43.925125,1,43.925125
2004-05-26,43.833670,43.833670,43.833670,43.833670,1,43.833670
2004-05-25,43.752604,43.752604,43.752604,43.752604,1,43.752604
2004-05-24,43.682237,43.682237,43.682237,43.682237,1,43.682237
2004-05-21,43.622843,43.622843,43.622843,43.622843,1,43.622843
2004-05-20,43.574651,43.574651,43.574651,43.574651,1,43.574651
2004-05-19,43.537845,43.537845,43.537845,43.537845,1,43.537845
2004-05-18,43.512569,43.512569,43.512569,43.512569,1,43.512569
2004-05-17,43.498919,43.498919,43.498919,43.498919,1,43.498919
2004-05-14,43.496949,43.496949,43.496949,43.496949,1,43.496949
2004-05-13,43.506666,43.506666,43.506666,43.506666,1,43.506666
2004-05-12,43.528033,43.528033,43.528033,43.528033,1,43.528033
2004-05-11,43.560966,43.560966,43.560966,43.560966,1,43.560966
2004-05-10,43.605340,43.605340,43.605340,43.605340,1,43.605340
2004-05-07,43.660983,43.660983,43.660983,43.660983,1,43.660983
2004-05-06,43.727679,43.727679,43.727679,43.727679,1,43.727679
2004-05-05,43.805173,43.805173,43.805173,43.805173,1,43.805173
2004-05-04,43.893164,43.893164,43.893164,43.893164,1,43.893164
2004-05-03,43.991314,43.991314,43.991314,43.991314,1,43.991314
2004-04-30,44.099244,44.099244,44.099244,44.099244,1,44.099244
2004-04-29,44.216537,44.216537,44.216537,44.216537,1,44.216537
2004-04-28,44.342740,44.342740,44.342740,44.342740,1,44.342740
2004-04-27,44.477368,44.477368,44.477368,44.477368,1,44.477368
2004-04-26,44.619900,44.619900,44.619900,44.619900,1,44.619900
2004-04-23,44.769787,44.769787,44.769787,44.769787,1,44.769787
2004-04-22,44.926450,44.926450,44.926450,44.926450,1,44.926450
2004-04-21,45.089285,45.089285,45.089285,45.089285,1,45.089285
2004-04-20,45.257664,45.257664,45.257664,45.257664,1,45.257664
2004-04-19,45.430937,45.430937,45.430937,45.430937,1,45.430937
2004-04-16,45.608435,45.608435,45.608435,45.608435,1,45.608435
2004-04-15,45.789474,45.789474,45.789474,45.789474,1,45.789474
2004-04-14,45.973356,45.973356,45.973356,45.973356,1,45.973356
2004-04-13,46.159371,46.159371,46.159371,46.159371,1,46.159371
2004-04-12,46.346800,46.346800,46.346800,46.346800,1,46.346800
2004-04-08,46.534922,46.534922,46.534922,46.534922,1,46.534922
2004-04-07,46.723010,46.723010,46.723010,46.723010,1,46.723010
2004-04-06,46.910339,46.910339,46.910339,46.910339,1,46.910339
2004-04-05,47.096186,47.096186,47.096186,47.096186,1,47.096186
2004-04-02,47.279834,47.279834,47.279834,47.279834,1,47.279834
2004-04-01,47.460574,47.460574,47.460574,47.460574,1,47.460574
2004-03-31,47.637710,47.637710,47.637710,47.637710,1,47.637710
2004-03-30,47.810557,47.810557,47.810557,47.810557,1,47.810557
2004-03-29,47.978449,47.978449,47.978449,47.978449,1,47.978449
2004-03-26,48.140738,48.140738,48.140738,48.140738,1,48.140738
2004-03-25,48.296799,48.296799,48.296799,48.296799,1,48.296799
2004-03-24,48.446028,48.446028,48.446028,48.446028,1,48.446028
2004-03-23,48.587850,48.587850,48.587850,48.587850,1,48.587850
2004-03-22,48.721719,48.721719,48.721719,48.721719,1,48.721719
2004-03-19,48.847117,48.847117,48.847117,48.847117,1,48.847117
2004-03-18,48.963560,48.963560,48.963560,48.963560,1,48.963560
2004-03-17,49.070601,49.070601,49.070601,49.070601,1,49.070601
2004-03-16,49.167825,49.167825,49.167825,49.167825,1,49.167825
2004-03-15,49.254857,49.254857,49.254857,49.254857,1,49.254857
2004-03-12,49.331362,49.331362,49.331362,49.331362,1,49.331362
2004-03-11,49.397045,49.397045,49.397045,49.397045,1,49.397045
2004-03-10,49.451651,49.451651,49.451651,49.451651,1,49.451651
2004-03-09,49.494971,49.494971,49.494971,49.494971,1,49.494971
2004-03-08,49.526838,49.526838,49.526838,49.526838,1,49.526838
2004-03-05,49.547128,49.547128,49.547128,49.547128,1,49.547128
2004-03-04,49.555763,49.555763,49.555763,49.555763,1,49.555763
2004-03-03,49.552709,49.552709,49.552709,49.552709,1,49.552709
2004-03-02,49.537980,49.537980,49.537980,49.537980,1,49.537980
2004-03-01,49.511630,49.511630,49.511630,49.511630,1,49.511630
2004-02-27,49.473763,49.473763,49.473763,49.473763,1,49.473763
2004-02-26,49.424524,49.424524,49.424524,49.424524,1,49.424524
2004-02-25,49.364103,49.364103,49.364103,49.364103,1,49.364103
2004-02-24,49.292733,49.292733,49.292733,49.292733,1,49.292733
2004-02-23,49.210690,49.210690,49.210690,49.210690,1,49.210690
2004-02-20,49.118290,49.118290,49.118290,49.118290,1,49.118290
2004-02-19,49.015889,49.015889,49.015889,49.015889,1,49.015889
2004-02-18,48.903883,48.903883,48.903883,48.903883,1,48.903883
2004-02-17,48.782704,48.782704,48.782704,48.782704,1,48.782704
2004-02-13,48.652819,48.652819,48.652819,48.652819,1,48.652819
2004-02-12,48.514730,48.514730,48.514730,48.514730,1,48.514730
2004-02-11,48.368968,48.368968,48.368968,48.368968,1,48.368968
2004-02-10,48.216097,48.216097,48.216097,48.216097,1,48.216097
2004-02-09,48.056707,48.056707,48.056707,48.056707,1,48.056707
2004-02-06,47.891412,47.891412,47.891412,47.891412,1,47.891412
2004-02-05,47.720849,47.720849,47.720849,47.720849,1,47.720849
2004-02-04,47.545678,47.545678,47.545678,47.545678,1,47.545678
2004-02-03,47.366573,47.366573,47.366573,47.366573,1,47.366573
2004-02-02,47.184226,47.184226,47.184226,47.184226,1,47.184226
2004-01-30,46.999341,46.999341,46.999341,46.999341,1,46.999341
2004-01-29,46.812630,46.812630,46.812630,46.812630,1,46.812630
2004-01-28,46.624814,46.624814,46.624814,46.624814,1,46.624814
2004-01-27,46.436618,46.436618,46.436618,46.436618,1,46.436618
2004-01-26,46.248767,46.248767,46.248767,46.248767,1,46.248767
2004-01-23,46.061986,46.061986,46.061986,46.061986,1,46.061986
2004-01-22,45.876997,45.876997,45.876997,45.876997,1,45.876997
2004-01-21,45.694512,45.694512,45.694512,45.694512,1,45.694512
2004-01-20,45.515236,45.515236,45.515236,45.515236,1,45.515236
2004-01-16,45.339860,45.339860,45.339860,45.339860,1,45.339860
2004-01-15,45.169062,45.169062,45.169062,45.169062,1,45.169062
2004-01-14,45.003499,45.003499,45.003499,45.003499,1,45.003499
2004-01-13,44.843811,44.843811,44.843811,44.843811,1,44.843811
2004-01-12,44.690613,44.690613,44.690613,44.690613,1,44.690613
2004-01-09,44.544498,44.544498,44.544498,44.544498,1,44.544498
2004-01-08,44.406028,44.406028,44.406028,44.406028,1,44.406028
2004-01-07,44.275737,44.275737,44.275737,44.275737,1,44.275737
2004-01-06,44.154129,44.154129,44.154129,44.154129,1,44.154129
2004-01-05,44.041673,44.041673,44.041673,44.041673,1,44.041673
2004-01-02,43.938802,43.938802,43.938802,43.938802,1,43.938802
2003-12-31,43.845914,43.845914,43.845914,43.845914,1,43.845914
2003-12-30,43.763366,43.763366,43.763366,43.763366,1,43.763366
2003-12-29,43.691477,43.691477,43.691477,43.691477,1,43.691477
2003-12-26,43.630525,43.630525,43.630525,43.630525,1,43.630525
2003-12-24,43.580745,43.580745,43.580745,43.580745,1,43.580745
2003-12-23,43.542328,43.542328,43.542328,43.542328,1,43.542328
2003-12-22,43.515423,43.515423,43.515423,43.515423,1,43.515423
2003-12-19,43.500134,43.500134,43.500134,43.500134,1,43.500134
2003-12-18,43.496520,43.496520,43.496520,43.496520,1,43.496520
2003-12-17,43.504594,43.504594,43.504594,43.504594,1,43.504594
2003-12-16,43.524326,43.524326,43.524326,43.524326,1,43.524326
2003-12-15,43.555640,43.555640,43.555640,43.555640,1,43.555640
2003-12-12,43.598414,43.598414,43.598414,43.598414,1,43.598414
2003-12-11,43.652483,43.652483,43.652483,43.652483,1,43.652483
2003-12-10,43.717640,43.717640,43.717640,43.717640,1,43.717640
2003-12-09,43.793632,43.793632,43.793632,43.793632,1,43.793632
2003-12-08,43.880166,43.880166,43.880166,43.880166,1,43.880166
2003-12-05,43.976909,43.976909,43.976909,43.976909,1,43.976909
2003-12-04,44.083488,44.083488,44.083488,44.083488,1,44.083488
2003-12-03,44.199490,44.199490,44.199490,44.199490,1,44.199490
2003-12-02,44.324469,44.324469,44.324469,44.324469,1,44.324469
2003-12-01,44.457943,44.457943,44.457943,44.457943,1,44.457943
2003-11-28,44.599396,44.599396,44.599396,44.599396,1,44.599396
2003-11-26,44.748282,44.748282,44.748282,44.748282,1,44.748282
2003-11-25,44.904028,44.904028,44.904028,44.904028,1,44.904028
2003-11-24,45.066033,45.066033,45.066033,45.066033,1,45.066033
2003-11-21,45.233670,45.233670,45.233670,45.233670,1,45.233670
2003-11-20,45.406295,45.406295,45.406295,45.406295,1,45.406295
2003-11-19,45.583240,45.583240,45.583240,45.583240,1,45.583240
2003-11-18,45.763823,45.763823,45.763823,45.763823,1,45.763823
2003-11-17,45.947348,45.947348,45.947348,45.947348,1,45.947348
2003-11-14,46.133105,46.133105,46.133105,46.133105,1,46.133105
2003-11-13,46.320380,46.320380,46.320380,46.320380,1,46.320380
2003-11-12,46.508448,46.508448,46.508448,46.508448,1,46.508448
2003-11-11,46.696585,46.696585,46.696585,46.696585,1,46.696585
2003-11-10,46.884064,46.884064,46.884064,46.884064,1,46.884064
2003-11-07,47.070163,47.070163,47.070163,47.070163,1,47.070163
2003-11-06,47.254163,47.254163,47.254163,47.254163,1,47.254163
2003-11-05,47.435355,47.435355,47.435355,47.435355,1,47.435355
2003-11-04,47.613039,47.613039,47.613039,47.613039,1,47.613039
2003-11-03,47.786530,47.786530,47.786530,47.786530,1,47.786530
2003-10-31,47.955159,47.955159,47.955159,47.955159,1,47.955159
2003-10-30,48.118275,48.118275,48.118275,48.118275,1,48.118275
2003-10-29,48.275248,48.275248,48.275248,48.275248,1,48.275248
2003-10-28,48.425473,48.425473,48.425473,48.425473,1,48.425473
2003-10-27,48.568371,48.568371,48.568371,48.568371,1,48.568371
2003-10-24,48.703390,48.703390,48.703390,48.703390,1,48.703390
2003-10-23,48.830010,48.830010,48.830010,48.830010,1,48.830010
2003-10-22,48.947741,48.947741,48.947741,48.947741,1,48.947741
2003-10-21,49.056130,49.056130,49.056130,49.056130,1,49.056130
2003-10-20,49.154758,49.154758,49.154758,49.154758,1,49.154758
2003-10-17,49.243245,49.243245,49.243245,49.243245,1,49.243245
2003-10-16,49.321249,49.321249,49.321249,49.321249,1,49.321249
2003-10-15,49.388470,49.388470,49.388470,49.388470,1,49.388470
2003-10-14,49.444649,49.444649,49.444649,49.444649,1,49.444649
2003-10-13,49.489567,49.489567,49.489567,49.489567,1,49.489567
2003-10-10,49.523053,49.523053,49.523053,49.523053,1,49.523053
2003-10-09,49.544977,49.544977,49.544977,49.544977,1,49.544977
2003-10-08,49.555254,49.555254,49.555254,49.555254,1,49.555254
2003-10-07,49.553845,49.553845,49.553845,49.553845,1,49.553845
2003-10-06,49.540755,49.540755,49.540755,49.540755,1,49.540755
2003-10-03,49.516035,49.516035,49.516035,49.516035,1,49.516035
2003-10-02,49.479780,49.479780,49.479780,49.479780,1,49.479780
2003-10-01,49.432130,49.432130,49.432130,49.432130,1,49.432130
2003-09-30,49.373269,49.373269,49.373269,49.373269,1,49.373269
2003-09-29,49.303423,49.303423,49.303423,49.303423,1,49.303423
2003-09-26,49.222863,49.222863,49.222863,49.222863,1,49.222863
2003-09-25,49.131899,49.131899,49.131899,49.131899,1,49.131899
2003-09-24,49.030882,49.030882,49.030882,49.030882,1,49.030882
2003-09-23,48.920202,48.920202,48.920202,48.920202,1,48.920202
2003-09-22,48.800285,48.800285,48.800285,48.800285,1,48.800285
2003-09-19,48.671595,48.671595,48.671595,48.671595,1,48.671595
2003-09-18,48.534628,48.534628,48.534628,48.534628,1,48.534628
2003-09-17,48.389913,48.389913,48.389913,48.389913,1,48.389913
2003-09-16,48.238007,48.238007,48.238007,48.238007,1,48.238007
2003-09-15,48.079497,48.079497,48.079497,48.079497,1,48.079497
2003-09-12,47.914994,47.914994,47.914994,47.914994,1,47.914994
2003-09-11,47.745133,47.745133,47.745133,47.745133,1,47.745133
2003-09-10,47.570569,47.570569,47.570569,47.570569,1,47.570569
2003-09-09,47.391976,47.391976,47.391976,47.391976,1,47.391976
2003-09-08,47.210043,47.210043,47.210043,47.210043,1,47.210043
2003-09-05,47.025472,47.025472,47.025472,47.025472,1,47.025472
2003-09-04,46.838974,46.838974,46.838974,46.838974,1,46.838974
2003-09-03,46.651270,46.651270,46.651270,46.651270,1,46.651270
2003-09-02,46.463083,46.463083,46.463083,46.463083,1,46.463083
2003-08-29,46.275140,46.275140,46.275140,46.275140,1,46.275140
2003-08-28,46.088166,46.088166,46.088166,46.088166,1,46.088166
2003-08-27,45.902881,45.902881,45.902881,45.902881,1,45.902881
2003-08-26,45.720001,45.720001,45.720001,45.720001,1,45.720001
2003-08-25,45.540231,45.540231,45.540231,45.540231,1,45.540231
2003-08-22,45.364266,45.364266,45.364266,45.364266,1,45.364266
2003-08-21,45.192783,45.192783,45.192783,45.192783,1,45.192783
2003-08-20,45.026445,45.026445,45.026445,45.026445,1,45.026445
2003-08-19,44.865893,44.865893,44.865893,44.865893,1,44.865893
2003-08-18,44.711746,44.711746,44.711746,44.711746,1,44.711746
2003-08-15,44.564599,44.564599,44.564599,44.564599,1,44.564599
2003-08-14,44.425021,44.425021,44.425021,44.425021,1,44.425021
2003-08-13,44.293549,44.293549,44.293549,44.293549,1,44.293549
2003-08-12,44.170691,44.170691,44.170691,44.170691,1,44.170691
2003-08-11,44.056920,44.056920,44.056920,44.056920,1,44.056920
2003-08-08,43.952676,43.952676,43.952676,43.952676,1,43.952676
2003-08-07,43.858361,43.858361,43.858361,43.858361,1,43.858361
2003-08-06,43.774339,43.774339,43.774339,43.774339,1,43.774339
2003-08-05,43.700933,43.700933,43.700933,43.700933,1,43.700933
2003-08-04,43.638428,43.638428,43.638428,43.638428,1,43.638428
2003-08-01,43.587063,43.587063,43.587063,43.587063,1,43.587063
2003-07-31,43.547038,43.547038,43.547038,43.547038,1,43.547038
2003-07-30,43.518507,43.518507,43.518507,43.518507,1,43.518507
2003-07-29,43.501580,43.501580,43.501580,43.501580,1,43.501580
2003-07-28,43.496322,43.496322,43.496322,43.496322,1,43.496322
2003-07-25,43.502753,43.502753,43.502753,43.502753,1,43.502753
2003-07-24,43.520849,43.520849,43.520849,43.520849,1,43.520849
2003-07-23,43.550539,43.550539,43.550539,43.550539,1,43.550539
2003-07-22,43.591710,43.591710,43.591710,43.591710,1,43.591710
2003-07-21,43.644203,43.644203,43.644203,43.644203,1,43.644203
2003-07-18,43.707814,43.707814,43.707814,43.707814,1,43.707814
2003-07-17,43.782299,43.782299,43.782299,43.782299,1,43.782299
2003-07-16,43.867370,43.867370,43.867370,43.867370,1,43.867370
2003-07-15,43.962699,43.962699,43.962699,43.962699,1,43.962699
2003-07-14,44.067918,44.067918,44.067918,44.067918,1,44.067918
2003-07-11,44.182621,44.182621,44.182621,44.182621,1,44.182621
2003-07-10,44.306366,44.306366,44.306366,44.306366,1,44.306366
2003-07-09,44.438675,44.438675,44.438675,44.438675,1,44.438675
2003-07-08,44.579038,44.579038,44.579038,44.579038,1,44.579038
2003-07-07,44.726913,44.726913,44.726913,44.726913,1,44.726913
2003-07-03,44.881730,44.881730,44.881730,44.881730,1,44.881730
2003-07-02,45.042891,45.042891,45.042891,45.042891,1,45.042891
2003-07-01,45.209776,45.209776,45.209776,45.209776,1,45.209776
2003-06-30,45.381738,45.381738,45.381738,45.381738,1,45.381738
2003-06-27,45.558117,45.558117,45.558117,45.558117,1,45.558117
2003-06-26,45.738230,45.738230,45.738230,45.738230,1,45.738230
2003-06-25,45.921383,45.921383,45.921383,45.921383,1,45.921383
2003-06-24,46.106870,46.106870,46.106870,46.106870,1,46.106870
2003-06-23,46.293975,46.293975,46.293975,46.293975,1,46.293975
2003-06-20,46.481975,46.481975,46.481975,46.481975,1,46.481975
2003-06-19,46.670146,46.670146,46.670146,46.670146,1,46.670146
2003-06-18,46.857762,46.857762,46.857762,46.857762,1,46.857762
2003-06-17,47.044099,47.044099,47.044099,47.044099,1,47.044099
2003-06-16,47.228437,47.228437,47.228437,47.228437,1,47.228437
2003-06-13,47.410066,47.410066,47.410066,47.410066,1,47.410066
2003-06-12,47.588286,47.588286,47.588286,47.588286,1,47.588286
2003-06-11,47.762407,47.762407,47.762407,47.762407,1,47.762407
2003-06-10,47.931760,47.931760,47.931760,47.931760,1,47.931760
2003-06-09,48.095689,48.095689,48.095689,48.095689,1,48.095689
2003-06-06,48.253564,48.253564,48.253564,48.253564,1,48.253564
2003-06-05,48.404774,48.404774,48.404774,48.404774,1,48.404774
2003-06-04,48.548736,48.548736,48.548736,48.548736,1,48.548736
2003-06-03,48.684896,48.684896,48.684896,48.684896,1,48.684896
2003-06-02,48.812727,48.812727,48.812727,48.812727,1,48.812727
2003-05-30,48.931736,48.931736,48.931736,48.931736,1,48.931736
2003-05-29,49.041465,49.041465,49.041465,49.041465,1,49.041465
2003-05-28,49.141490,49.141490,49.141490,49.141490,1,49.141490
2003-05-27,49.231425,49.231425,49.231425,49.231425,1,49.231425
2003-05-23,49.310923,49.310923,49.310923,49.310923,1,49.310923
2003-05-22,49.379677,49.379677,49.379677,49.379677,1,49.379677
2003-05-21,49.437423,49.437423,49.437423,49.437423,1,49.437423
2003-05-20,49.483937,49.483937,49.483937,49.483937,1,49.483937
2003-05-19,49.519040,49.519040,49.519040,49.519040,1,49.519040
2003-05-16,49.542596,49.542596,49.542596,49.542596,1,49.542596
2003-05-15,49.554515,49.554515,49.554515,49.554515,1,49.554515
2003-05-14,49.554750,49.554750,49.554750,49.554750,1,49.554750
2003-05-13,49.543301,49.543301,49.543301,49.543301,1,49.543301
2003-05-12,49.520212,49.520212,49.520212,49.520212,1,49.520212
2003-05-09,49.485572,49.485572,49.485572,49.485572,1,49.485572
2003-05-08,49.439514,49.439514,49.439514,49.439514,1,49.439514
2003-05-07,49.382217,49.382217,49.382217,49.382217,1,49.382217
2003-05-06,49.313901,49.313901,49.313901,49.313901,1,49.313901
2003-05-05,49.234830,49.234830,49.234830,49.234830,1,49.234830
2003-05-02,49.145309,49.145309,49.145309,49.145309,1,49.145309
2003-05-01,49.045683,49.045683,49.045683,49.045683,1,49.045683
2003-04-30,48.936337,48.936337,48.936337,48.936337,1,48.936337
2003-04-29,48.817693,48.817693,48.817693,48.817693,1,48.817693
2003-04-28,48.690208,48.690208,48.690208,48.690208,1,48.690208
2003-04-25,48.554374,48.554374,48.554374,48.554374,1,48.554374
2003-04-24,48.410715,48.410715,48.410715,48.410715,1,48.410715
2003-04-23,48.259785,48.259785,48.259785,48.259785,1,48.259785
2003-04-22,48.102168,48.102168,48.102168,48.102168,1,48.102168
2003-04-21,47.938470,47.938470,47.938470,47.938470,1,47.938470
2003-04-17,47.769323,47.769323,47.769323,47.769323,1,47.769323
2003-04-16,47.595381,47.595381,47.595381,47.595381,1,47.595381
2003-04-15,47.417313,47.417313,47.417313,47.417313,1,47.417313
2003-04-14,47.235808,47.235808,47.235808,47.235808,1,47.235808
2003-04-11,47.051565,47.051565,47.051565,47.051565,1,47.051565
2003-04-10,46.865295,46.865295,46.865295,46.865295,1,46.865295
2003-04-09,46.677717,46.677717,46.677717,46.677717,1,46.677717
2003-04-08,46.489554,46.489554,46.489554,46.489554,1,46.489554
2003-04-07,46.301533,46.301533,46.301533,46.301533,1,46.301533
2003-04-04,46.114378,46.114378,46.114378,46.114378,1,46.114378
2003-04-03,45.928812,45.928812,45.928812,45.928812,1,45.928812
2003-04-02,45.745551,45.745551,45.745551,45.745551,1,45.745551
2003-04-01,45.565302,45.565302,45.565302,45.565302,1,45.565302
2003-03-31,45.388760,45.388760,45.388760,45.388760,1,45.388760
2003-03-28,45.216606,45.216606,45.216606,45.216606,1,45.216606
2003-03-27,45.049505,45.049505,45.049505,45.049505,1,45.049505
2003-03-26,44.888101,44.888101,44.888101,44.888101,1,44.888101
2003-03-25,44.733017,44.733017,44.733017,44.733017,1,44.733017
2003-03-24,44.584851,44.584851,44.584851,44.584851,1,44.584851
2003-03-21,44.444175,44.444175,44.444175,44.444175,1,44.444175
2003-03-20,44.311532,44.311532,44.311532,44.311532,1,44.311532
2003-03-19,44.187432,44.187432,44.187432,44.187432,1,44.187432
2003-03-18,44.072356,44.072356,44.072356,44.072356,1,44.072356
2003-03-17,43.966747,43.966747,43.966747,43.966747,1,43.966747
2003-03-14,43.871013,43.871013,43.871013,43.871013,1,43.871013
2003-03-13,43.785522,43.785522,43.785522,43.785522,1,43.785522
2003-03-12,43.710605,43.710605,43.710605,43.710605,1,43.710605
2003-03-11,43.646551,43.646551,43.646551,43.646551,1,43.646551
2003-03-10,43.593607,43.593607,43.593607,43.593607,1,43.593607
2003-03-07,43.551976,43.551976,43.551976,43.551976,1,43.551976
2003-03-06,43.521821,43.521821,43.521821,43.521821,1,43.521821
2003-03-05,43.503256,43.503256,43.503256,43.503256,1,43.503256
2003-03-04,43.496355,43.496355,43.496355,43.496355,1,43.496355
2003-03-03,43.501142,43.501142,43.501142,43.501142,1,43.501142
2003-02-28,43.517601,43.517601,43.517601,43.517601,1,43.517601
2003-02-27,43.545667,43.545667,43.545667,43.545667,1,43.545667
2003-02-26,43.585231,43.585231,43.585231,43.585231,1,43.585231
2003-02-25,43.636143,43.636143,43.636143,43.636143,1,43.636143
2003-02-24,43.698204,43.698204,43.698204,43.698204,1,43.698204
2003-02-21,43.771176,43.771176,43.771176,43.771176,1,43.771176
2003-02-20,43.854777,43.854777,43.854777,43.854777,1,43.854777
2003-02-19,43.948684,43.948684,43.948684,43.948684,1,43.948684
2003-02-18,44.052536,44.052536,44.052536,44.052536,1,44.052536
2003-02-14,44.165931,44.165931,44.165931,44.165931,1,44.165931
2003-02-13,44.288432,44.288432,44.288432,44.288432,1,44.288432
2003-02-12,44.419567,44.419567,44.419567,44.419567,1,44.419567
2003-02-11,44.558829,44.558829,44.558829,44.558829,1,44.558829
2003-02-10,44.705681,44.705681,44.705681,44.705681,1,44.705681
2003-02-07,44.859557,44.859557,44.859557,44.859557,1,44.859557
2003-02-06,45.019864,45.019864,45.019864,45.019864,1,45.019864
2003-02-05,45.185981,45.185981,45.185981,45.185981,1,45.185981
2003-02-04,45.357269,45.357269,45.357269,45.357269,1,45.357269
2003-02-03,45.533068,45.533068,45.533068,45.533068,1,45.533068
2003-01-31,45.712697,45.712697,45.712697,45.712697,1,45.712697
2003-01-30,45.895465,45.895465,45.895465,45.895465,1,45.895465
2003-01-29,46.080667,46.080667,46.080667,46.080667,1,46.080667
2003-01-28,46.267587,46.267587,46.267587,46.267587,1,46.267587
2003-01-27,46.455506,46.455506,46.455506,46.455506,1,46.455506
2003-01-24,46.643697,46.643697,46.643697,46.643697,1,46.643697
2003-01-23,46.831434,46.831434,46.831434,46.831434,1,46.831434
2003-01-22,47.017995,47.017995,47.017995,47.017995,1,47.017995
2003-01-21,47.202657,47.202657,47.202657,47.202657,1,47.202657
2003-01-17,47.384710,47.384710,47.384710,47.384710,1,47.384710
2003-01-16,47.563451,47.563451,47.563451,47.563451,1,47.563451
2003-01-15,47.738190,47.738190,47.738190,47.738190,1,47.738190
2003-01-14,47.908253,47.908253,47.908253,47.908253,1,47.908253
2003-01-13,48.072984,48.072984,48.072984,48.072984,1,48.072984
2003-01-10,48.231747,48.231747,48.231747,48.231747,1,48.231747
2003-01-09,48.383931,48.383931,48.383931,48.383931,1,48.383931
2003-01-08,48.528947,48.528947,48.528947,48.528947,1,48.528947
2003-01-07,48.666236,48.666236,48.666236,48.666236,1,48.666236
2003-01-06,48.795269,48.795269,48.795269,48.795269,1,48.795269
2003-01-03,48.915548,48.915548,48.915548,48.915548,1,48.915548
2003-01-02,49.026609,49.026609,49.026609,49.026609,1,49.026609
2002-12-31,49.128023,49.128023,49.128023,49.128023,1,49.128023
2002-12-30,49.219399,49.219399,49.219399,49.219399,1,49.219399
2002-12-27,49.300384,49.300384,49.300384,49.300384,1,49.300384
2002-12-26,49.370667,49.370667,49.370667,49.370667,1,49.370667
2002-12-24,49.429975,49.429975,49.429975,49.429975,1,49.429975
2002-12-23,49.478081,49.478081,49.478081,49.478081,1,49.478081
2002-12-20,49.514797,49.514797,49.514797,49.514797,1,49.514797
2002-12-19,49.539984,49.539984,49.539984,49.539984,1,49.539984
2002-12-18,49.553544,49.553544,49.553544,49.553544,1,49.553544
2002-12-17,49.555423,49.555423,49.555423,49.555423,1,49.555423
2002-12-16,49.545616,49.545616,49.545616,49.545616,1,49.545616
2002-12-13,49.524160,49.524160,49.524160,49.524160,1,49.524160
2002-12-12,49.491138,49.491138,49.491138,49.491138,1,49.491138
2002-12-11,49.446676,49.446676,49.446676,49.446676,1,49.446676
2002-12-10,49.390947,49.390947,49.390947,49.390947,1,49.390947
2002-12-09,49.324166,49.324166,49.324166,49.324166,1,49.324166
2002-12-06,49.246591,49.246591,49.246591,49.246591,1,49.246591
2002-12-05,49.158519,49.158519,49.158519,49.158519,1,49.158519
2002-12-04,49.060292,49.060292,49.060292,49.060292,1,49.060292
2002-12-03,48.952289,48.952289,48.952289,48.952289,1,48.952289
2002-12-02,48.834925,48.834925,48.834925,48.834925,1,48.834925
2002-11-29,48.708655,48.708655,48.708655,48.708655,1,48.708655
2002-11-27,48.573964,48.573964,48.573964,48.573964,1,48.573964
2002-11-26,48.431373,48.431373,48.431373,48.431373,1,48.431373
2002-11-25,48.281432,48.281432,48.281432,48.281432,1,48.281432
2002-11-22,48.124718,48.124718,48.124718,48.124718,1,48.124718
2002-11-21,47.961838,47.961838,47.961838,47.961838,1,47.961838
2002-11-20,47.793419,47.793419,47.793419,47.793419,1,47.793419
2002-11-19,47.620111,47.620111,47.620111,47.620111,1,47.620111
2002-11-18,47.442583,47.442583,47.442583,47.442583,1,47.442583
2002-11-15,47.261519,47.261519,47.261519,47.261519,1,47.261519
2002-11-14,47.077618,47.077618,47.077618,47.077618,1,47.077618
2002-11-13,46.891590,46.891590,46.891590,46.891590,1,46.891590
2002-11-12,46.704152,46.704152,46.704152,46.704152,1,46.704152
2002-11-11,46.516027,46.516027,46.516027,46.516027,1,46.516027
2002-11-08,46.327942,46.327942,46.327942,46.327942,1,46.327942
2002-11-07,46.140622,46.140622,46.140622,46.140622,1,46.140622
2002-11-06,45.954789,45.954789,45.954789,45.954789,1,45.954789
2002-11-05,45.771161,45.771161,45.771161,45.771161,1,45.771161
2002-11-04,45.590446,45.590446,45.590446,45.590446,1,45.590446
2002-11-01,45.413341,45.413341,45.413341,45.413341,1,45.413341
2002-10-31,45.240530,45.240530,45.240530,45.240530,1,45.240530
2002-10-30,45.072678,45.072678,45.072678,45.072678,1,45.072678
2002-10-29,44.910435,44.910435,44.910435,44.910435,1,44.910435
2002-10-28,44.754425,44.754425,44.754425,44.754425,1,44.754425
2002-10-25,44.605251,44.605251,44.605251,44.605251,1,44.605251
2002-10-24,44.463488,44.463488,44.463488,44.463488,1,44.463488
2002-10-23,44.329683,44.329683,44.329683,44.329683,1,44.329683
2002-10-22,44.204352,44.204352,44.204352,44.204352,1,44.204352
2002-10-21,44.087980,44.087980,44.087980,44.087980,1,44.087980
2002-10-18,43.981013,43.981013,43.981013,43.981013,1,43.981013
2002-10-17,43.883867,43.883867,43.883867,43.883867,1,43.883867
2002-10-16,43.796915,43.796915,43.796915,43.796915,1,43.796915
2002-10-15,43.720492,43.720492,43.720492,43.720492,1,43.720492
2002-10-14,43.654894,43.654894,43.654894,43.654894,1,43.654894
2002-10-11,43.600374,43.600374,43.600374,43.600374,1,43.600374
2002-10-10,43.557141,43.557141,43.557141,43.557141,1,43.557141
2002-10-09,43.525364,43.525364,43.525364,43.525364,1,43.525364
2002-10-08,43.505164,43.505164,43.505164,43.505164,1,43.505164
2002-10-07,43.496619,43.496619,43.496619,43.496619,1,43.496619
2002-10-04,43.499763,43.499763,43.499763,43.499763,1,43.499763
2002-10-03,43.514582,43.514582,43.514582,43.514582,1,43.514582
2002-10-02,43.541021,43.541021,43.541021,43.541021,1,43.541021
2002-10-01,43.578977,43.578977,43.578977,43.578977,1,43.578977
2002-09-30,43.628303,43.628303,43.628303,43.628303,1,43.628303
2002-09-27,43.688810,43.688810,43.688810,43.688810,1,43.688810
2002-09-26,43.760263,43.760263,43.760263,43.760263,1,43.760263
2002-09-25,43.842387,43.842387,43.842387,43.842387,1,43.842387
2002-09-24,43.934866,43.934866,43.934866,43.934866,1,43.934866
2002-09-23,44.037343,44.037343,44.037343,44.037343,1,44.037343
2002-09-20,44.149421,44.149421,44.149421,44.149421,1,44.149421
2002-09-19,44.270669,44.270669,44.270669,44.270669,1,44.270669
2002-09-18,44.400619,44.400619,44.400619,44.400619,1,44.400619
2002-09-17,44.538770,44.538770,44.538770,44.538770,1,44.538770
2002-09-16,44.684589,44.684589,44.684589,44.684589,1,44.684589
2002-09-13,44.837512,44.837512,44.837512,44.837512,1,44.837512
2002-09-12,44.996951,44.996951,44.996951,44.996951,1,44.996951
2002-09-11,45.162289,45.162289,45.162289,45.162289,1,45.162289
2002-09-10,45.332890,45.332890,45.332890,45.332890,1,45.332890
2002-09-09,45.508094,45.508094,45.508094,45.508094,1,45.508094
2002-09-06,45.687226,45.687226,45.687226,45.687226,1,45.687226
2002-09-05,45.869595,45.869595,45.869595,45.869595,1,45.869595
2002-09-04,46.054498,46.054498,46.054498,46.054498,1,46.054498
2002-09-03,46.241220,46.241220,46.241220,46.241220,1,46.241220
2002-08-30,46.429042,46.429042,46.429042,46.429042,1,46.429042
2002-08-29,46.617238,46.617238,46.617238,46.617238,1,46.617238
2002-08-28,46.805084,46.805084,46.805084,46.805084,1,46.805084
2002-08-27,46.991853,46.991853,46.991853,46.991853,1,46.991853
2002-08-26,47.176826,47.176826,47.176826,47.176826,1,47.176826
2002-08-23,47.359288,47.359288,47.359288,47.359288,1,47.359288
2002-08-22,47.538537,47.538537,47.538537,47.538537,1,47.538537
2002-08-21,47.713880,47.713880,47.713880,47.713880,1,47.713880
2002-08-20,47.884641,47.884641,47.884641,47.884641,1,47.884641
2002-08-19,48.050161,48.050161,48.050161,48.050161,1,48.050161
2002-08-16,48.209801,48.209801,48.209801,48.209801,1,48.209801
2002-08-15,48.362946,48.362946,48.362946,48.362946,1,48.362946
2002-08-14,48.509005,48.509005,48.509005,48.509005,1,48.509005
2002-08-13,48.647414,48.647414,48.647414,48.647414,1,48.647414
2002-08-12,48.777639,48.777639,48.777639,48.777639,1,48.777639
2002-08-09,48.899178,48.899178,48.899178,48.899178,1,48.899178
2002-08-08,49.011562,49.011562,49.011562,49.011562,1,49.011562
2002-08-07,49.114357,49.114357,49.114357,49.114357,1,49.114357
2002-08-06,49.207167,49.207167,49.207167,49.207167,1,49.207167
2002-08-05,49.289634,49.289634,49.289634,49.289634,1,49.289634
2002-08-02,49.361439,49.361439,49.361439,49.361439,1,49.361439
2002-08-01,49.422306,49.422306,49.422306,49.422306,1,49.422306
2002-07-31,49.471999,49.471999,49.471999,49.471999,1,49.471999
2002-07-30,49.510327,49.510327,49.510327,49.510327,1,49.510327
2002-07-29,49.537143,49.537143,49.537143,49.537143,1,49.537143
2002-07-26,49.552342,49.552342,49.552342,49.552342,1,49.552342
2002-07-25,49.555866,49.555866,49.555866,49.555866,1,49.555866
2002-07-24,49.547701,49.547701,49.547701,49.547701,1,49.547701
2002-07-23,49.527879,49.527879,49.527879,49.527879,1,49.527879
2002-07-22,49.496477,49.496477,49.496477,49.496477,1,49.496477
2002-07-19,49.453615,49.453615,49.453615,49.453615,1,49.453615
2002-07-18,49.399459,49.399459,49.399459,49.399459,1,49.399459
2002-07-17,49.334218,49.334218,49.334218,49.334218,1,49.334218
2002-07-16,49.258143,49.258143,49.258143,49.258143,1,49.258143
2002-07-15,49.171529,49.171529,49.171529,49.171529,1,49.171529
2002-07-12,49.074708,49.074708,49.074708,49.074708,1,49.074708
2002-07-11,48.968055,48.968055,48.968055,48.968055,1,48.968055
2002-07-10,48.851982,48.851982,48.851982,48.851982,1,48.851982
2002-07-09,48.726935,48.726935,48.726935,48.726935,1,48.726935
2002-07-08,48.593398,48.593398,48.593398,48.593398,1,48.593398
2002-07-05,48.451886,48.451886,48.451886,48.451886,1,48.451886
2002-07-03,48.302944,48.302944,48.302944,48.302944,1,48.302944
2002-07-02,48.147147,48.147147,48.147147,48.147147,1,48.147147
2002-07-01,47.985097,47.985097,47.985097,47.985097,1,47.985097
2002-06-28,47.817418,47.817418,47.817418,47.817418,1,47.817418
2002-06-27,47.644758,47.644758,47.644758,47.644758,1,47.644758
2002-06-26,47.467782,47.467782,47.467782,47.467782,1,47.467782
2002-06-25,47.287173,47.287173,47.287173,47.287173,1,47.287173
2002-06-24,47.103629,47.103629,47.103629,47.103629,1,47.103629
2002-06-21,46.917857,46.917857,46.917857,46.917857,1,46.917857
2002-06-20,46.730573,46.730573,46.730573,46.730573,1,46.730573
2002-06-19,46.542502,46.542502,46.542502,46.542502,1,46.542502
2002-06-18,46.354367,46.354367,46.354367,46.354367,1,46.354367
2002-06-17,46.166895,46.166895,46.166895,46.166895,1,46.166895
2002-06-14,45.980810,45.980810,45.980810,45.980810,1,45.980810
2002-06-13,45.796829,45.796829,45.796829,45.796829,1,45.796829
2002-06-12,45.615662,45.615662,45.615662,45.615662,1,45.615662
2002-06-11,45.438007,45.438007,45.438007,45.438007,1,45.438007
2002-06-10,45.264551,45.264551,45.264551,45.264551,1,45.264551
2002-06-07,45.095963,45.095963,45.095963,45.095963,1,45.095963
2002-06-06,44.932892,44.932892,44.932892,44.932892,1,44.932892
2002-06-05,44.775969,44.775969,44.775969,44.775969,1,44.775969
2002-06-04,44.625798,44.625798,44.625798,44.625798,1,44.625798
2002-06-03,44.482958,44.482958,44.482958,44.482958,1,44.482958
2002-05-31,44.348002,44.348002,44.348002,44.348002,1,44.348002
2002-05-30,44.221450,44.221450,44.221450,44.221450,1,44.221450
2002-05-29,44.103789,44.103789,44.103789,44.103789,1,44.103789
2002-05-28,43.995474,43.995474,43.995474,43.995474,1,43.995474
2002-05-24,43.896923,43.896923,43.896923,43.896923,1,43.896923
2002-05-23,43.808515,43.808515,43.808515,43.808515,1,43.808515
2002-05-22,43.730593,43.730593,43.730593,43.730593,1,43.730593
2002-05-21,43.663456,43.663456,43.663456,43.663456,1,43.663456
2002-05-20,43.607364,43.607364,43.607364,43.607364,1,43.607364
2002-05-17,43.562533,43.562533,43.562533,43.562533,1,43.562533
2002-05-16,43.529136,43.529136,43.529136,43.529136,1,43.529136
2002-05-15,43.507302,43.507302,43.507302,43.507302,1,43.507302
2002-05-14,43.497115,43.497115,43.497115,43.497115,1,43.497115
2002-05-13,43.498614,43.498614,43.498614,43.498614,1,43.498614
2002-05-10,43.511794,43.511794,43.511794,43.511794,1,43.511794
2002-05-09,43.536604,43.536604,43.536604,43.536604,1,43.536604
2002-05-08,43.572947,43.572947,43.572947,43.572947,1,43.572947
2002-05-07,43.620685,43.620685,43.620685,43.620685,1,43.620685
2002-05-06,43.679632,43.679632,43.679632,43.679632,1,43.679632
2002-05-03,43.749561,43.749561,43.749561,43.749561,1,43.749561
2002-05-02,43.830203,43.830203,43.830203,43.830203,1,43.830203
2002-05-01,43.921246,43.921246,43.921246,43.921246,1,43.921246
2002-04-30,44.022339,44.022339,44.022339,44.022339,1,44.022339
2002-04-29,44.133093,44.133093,44.133093,44.133093,1,44.133093
2002-04-26,44.253079,44.253079,44.253079,44.253079,1,44.253079
2002-04-25,44.381834,44.381834,44.381834,44.381834,1,44.381834
2002-04-24,44.518863,44.518863,44.518863,44.518863,1,44.518863
2002-04-23,44.663637,44.663637,44.663637,44.663637,1,44.663637
2002-04-22,44.815596,44.815596,44.815596,44.815596,1,44.815596
2002-04-19,44.974155,44.974155,44.974155,44.974155,1,44.974155
2002-04-18,45.138701,45.138701,45.138701,45.138701,1,45.138701
2002-04-17,45.308601,45.308601,45.308601,45.308601,1,45.308601
2002-04-16,45.483198,45.483198,45.483198,45.483198,1,45.483198
2002-04-15,45.661820,45.661820,45.661820,45.661820,1,45.661820
2002-04-12,45.843776,45.843776,45.843776,45.843776,1,45.843776
2002-04-11,46.028365,46.028365,46.028365,46.028365,1,46.028365
2002-04-10,46.214874,46.214874,46.214874,46.214874,1,46.214874
2002-04-09,46.402585,46.402585,46.402585,46.402585,1,46.402585
2002-04-08,46.590773,46.590773,46.590773,46.590773,1,46.590773
2002-04-05,46.778711,46.778711,46.778711,46.778711,1,46.778711
2002-04-04,46.965676,46.965676,46.965676,46.965676,1,46.965676
2002-04-03,47.150944,47.150944,47.150944,47.150944,1,47.150944
2002-04-02,47.333803,47.333803,47.333803,47.333803,1,47.333803
2002-04-01,47.513546,47.513546,47.513546,47.513546,1,47.513546
2002-03-28,47.689479,47.689479,47.689479,47.689479,1,47.689479
2002-03-27,47.860925,47.860925,47.860925,47.860925,1,47.860925
2002-03-26,48.027221,48.027221,48.027221,48.027221,1,48.027221
2002-03-25,48.187726,48.187726,48.187726,48.187726,1,48.187726
2002-03-22,48.341821,48.341821,48.341821,48.341821,1,48.341821
2002-03-21,48.488911,48.488911,48.488911,48.488911,1,48.488911
2002-03-20,48.628429,48.628429,48.628429,48.628429,1,48.628429
2002-03-19,48.759836,48.759836,48.759836,48.759836,1,48.759836
2002-03-18,48.882626,48.882626,48.882626,48.882626,1,48.882626
2002-03-15,48.996325,48.996325,48.996325,48.996325,1,48.996325
2002-03-14,49.100493,49.100493,49.100493,49.100493,1,49.100493
2002-03-13,49.194730,49.194730,49.194730,49.194730,1,49.194730
2002-03-12,49.278672,49.278672,49.278672,49.278672,1,49.278672
2002-03-11,49.351994,49.351994,49.351994,49.351994,1,49.351994
2002-03-08,49.414415,49.414415,49.414415,49.414415,1,49.414415
2002-03-07,49.465692,49.465692,49.465692,49.465692,1,49.465692
2002-03-06,49.505629,49.505629,49.505629,49.505629,1,49.505629
2002-03-05,49.534071,49.534071,49.534071,49.534071,1,49.534071
2002-03-04,49.550909,49.550909,49.550909,49.550909,1,49.550909
2002-03-01,49.556077,49.556077,49.556077,49.556077,1,49.556077
2002-02-28,49.549555,49.549555,49.549555,49.549555,1,49.549555
2002-02-27,49.531369,49.531369,49.531369,49.531369,1,49.531369
2002-02-26,49.501589,49.501589,49.501589,49.501589,1,49.501589
2002-02-25,49.460330,49.460330,49.460330,49.460330,1,49.460330
2002-02-22,49.407751,49.407751,49.407751,49.407751,1,49.407751
2002-02-21,49.344055,49.344055,49.344055,49.344055,1,49.344055
2002-02-20,49.269487,49.269487,49.269487,49.269487,1,49.269487
2002-02-19,49.184336,49.184336,49.184336,49.184336,1,49.184336
2002-02-15,49.088929,49.088929,49.088929,49.088929,1,49.088929
2002-02-14,48.983635,48.983635,48.983635,48.983635,1,48.983635
2002-02-13,48.868861,48.868861,48.868861,48.868861,1,48.868861
2002-02-12,48.745048,48.745048,48.745048,48.745048,1,48.745048
2002-02-11,48.612674,48.612674,48.612674,48.612674,1,48.612674
2002-02-08,48.472251,48.472251,48.472251,48.472251,1,48.472251
2002-02-07,48.324320,48.324320,48.324320,48.324320,1,48.324320
2002-02-06,48.169452,48.169452,48.169452,48.169452,1,48.169452
2002-02-05,48.008244,48.008244,48.008244,48.008244,1,48.008244
2002-02-04,47.841318,47.841318,47.841318,47.841318,1,47.841318
2002-02-01,47.669319,47.669319,47.669319,47.669319,1,47.669319
2002-01-31,47.492909,47.492909,47.492909,47.492909,1,47.492909
2002-01-30,47.312769,47.312769,47.312769,47.312769,1,47.312769
2002-01-29,47.129595,47.129595,47.129595,47.129595,1,47.129595
2002-01-28,46.944093,46.944093,46.944093,46.944093,1,46.944093
2002-01-25,46.756979,46.756979,46.756979,46.756979,1,46.756979
2002-01-24,46.568975,46.568975,46.568975,46.568975,1,46.568975
2002-01-23,46.380805,46.380805,46.380805,46.380805,1,46.380805
2002-01-22,46.193196,46.193196,46.193196,46.193196,1,46.193196
2002-01-18,46.006872,46.006872,46.006872,46.006872,1,46.006872
2002-01-17,45.822552,45.822552,45.822552,45.822552,1,45.822552
2002-01-16,45.640947,45.640947,45.640947,45.640947,1,45.640947
2002-01-15,45.462756,45.462756,45.462756,45.462756,1,45.462756
2002-01-14,45.288669,45.288669,45.288669,45.288669,1,45.288669
2002-01-11,45.119356,45.119356,45.119356,45.119356,1,45.119356
2002-01-10,44.955471,44.955471,44.955471,44.955471,1,44.955471
2002-01-09,44.797646,44.797646,44.797646,44.797646,1,44.797646
2002-01-08,44.646489,44.646489,44.646489,44.646489,1,44.646489
2002-01-07,44.502585,44.502585,44.502585,44.502585,1,44.502585
2002-01-04,44.366488,44.366488,44.366488,44.366488,1,44.366488
2002-01-03,44.238723,44.238723,44.238723,44.238723,1,44.238723
2002-01-02,44.119783,44.119783,44.119783,44.119783,1,44.119783
2001-12-31,44.010128,44.010128,44.010128,44.010128,1,44.010128
2001-12-28,43.910179,43.910179,43.910179,43.910179,1,43.910179
2001-12-27,43.820324,43.820324,43.820324,43.820324,1,43.820324
2001-12-26,43.740908,43.740908,43.740908,43.740908,1,43.740908
2001-12-24,43.672237,43.672237,43.672237,43.672237,1,43.672237
2001-12-21,43.614578,43.614578,43.614578,43.614578,1,43.614578
2001-12-20,43.568151,43.568151,43.568151,43.568151,1,43.568151
2001-12-19,43.533137,43.533137,43.533137,43.533137,1,43.533137
2001-12-18,43.509671,43.509671,43.509671,43.509671,1,43.509671
2001-12-17,43.497842,43.497842,43.497842,43.497842,1,43.497842
2001-12-14,43.497697,43.497697,43.497697,43.497697,1,43.497697
2001-12-13,43.509236,43.509236,43.509236,43.509236,1,43.509236
2001-12-12,43.532414,43.532414,43.532414,43.532414,1,43.532414
2001-12-11,43.567143,43.567143,43.567143,43.567143,1,43.567143
2001-12-10,43.613288,43.613288,43.613288,43.613288,1,43.613288
2001-12-07,43.670672,43.670672,43.670672,43.670672,1,43.670672
2001-12-06,43.739072,43.739072,43.739072,43.739072,1,43.739072
2001-12-05,43.818225,43.818225,43.818225,43.818225,1,43.818225
2001-12-04,43.907825,43.907825,43.907825,43.907825,1,43.907825
2001-12-03,44.007527,44.007527,44.007527,44.007527,1,44.007527
2001-11-30,44.116947,44.116947,44.116947,44.116947,1,44.116947
2001-11-29,44.235661,44.235661,44.235661,44.235661,1,44.235661
2001-11-28,44.363213,44.363213,44.363213,44.363213,1,44.363213
2001-11-27,44.499110,44.499110,44.499110,44.499110,1,44.499110
2001-11-26,44.642827,44.642827,44.642827,44.642827,1,44.642827
2001-11-23,44.793810,44.793810,44.793810,44.793810,1,44.793810
2001-11-21,44.951477,44.951477,44.951477,44.951477,1,44.951477
2001-11-20,45.115219,45.115219,45.115219,45.115219,1,45.115219
2001-11-19,45.284405,45.284405,45.284405,45.284405,1,45.284405
2001-11-16,45.458382,45.458382,45.458382,45.458382,1,45.458382
2001-11-15,45.636479,45.636479,45.636479,45.636479,1,45.636479
2001-11-14,45.818008,45.818008,45.818008,45.818008,1,45.818008
2001-11-13,46.002270,46.002270,46.002270,46.002270,1,46.002270
2001-11-12,46.188552,46.188552,46.188552,46.188552,1,46.188552
2001-11-09,46.376138,46.376138,46.376138,46.376138,1,46.376138
2001-11-08,46.564302,46.564302,46.564302,46.564302,1,46.564302
2001-11-07,46.752320,46.752320,46.752320,46.752320,1,46.752320
2001-11-06,46.939465,46.939465,46.939465,46.939465,1,46.939465
2001-11-05,47.125016,47.125016,47.125016,47.125016,1,47.125016
2001-11-02,47.308256,47.308256,47.308256,47.308256,1,47.308256
2001-11-01,47.488479,47.488479,47.488479,47.488479,1,47.488479
2001-10-31,47.664990,47.664990,47.664990,47.664990,1,47.664990
2001-10-30,47.837107,47.837107,47.837107,47.837107,1,47.837107
2001-10-29,48.004167,48.004167,48.004167,48.004167,1,48.004167
2001-10-26,48.165524,48.165524,48.165524,48.165524,1,48.165524
2001-10-25,48.320557,48.320557,48.320557,48.320557,1,48.320557
2001-10-24,48.468668,48.468668,48.468668,48.468668,1,48.468668
2001-10-23,48.609284,48.609284,48.609284,48.609284,1,48.609284
2001-10-22,48.741863,48.741863,48.741863,48.741863,1,48.741863
2001-10-19,48.865894,48.865894,48.865894,48.865894,1,48.865894
2001-10-18,48.980899,48.980899,48.980899,48.980899,1,48.980899
2001-10-17,49.086433,49.086433,49.086433,49.086433,1,49.086433
2001-10-16,49.182090,49.182090,49.182090,49.182090,1,49.182090
2001-10-15,49.267500,49.267500,49.267500,49.267500,1,49.267500
2001-10-12,49.342334,49.342334,49.342334,49.342334,1,49.342334
2001-10-11,49.406304,49.406304,49.406304,49.406304,1,49.406304
2001-10-10,49.459161,49.459161,49.459161,49.459161,1,49.459161
2001-10-09,49.500704,49.500704,49.500704,49.500704,1,49.500704
2001-10-08,49.530770,49.530770,49.530770,49.530770,1,49.530770
2001-10-05,49.549245,49.549245,49.549245,49.549245,1,49.549245
2001-10-04,49.556056,49.556056,49.556056,49.556056,1,49.556056
2001-10-03,49.551178,49.551178,49.551178,49.551178,1,49.551178
2001-10-02,49.534630,49.534630,49.534630,49.534630,1,49.534630
2001-10-01,49.506475,49.506475,49.506475,49.506475,1,49.506475
2001-09-28,49.466822,49.466822,49.466822,49.466822,1,49.466822
2001-09-27,49.415824,49.415824,49.415824,49.415824,1,49.415824
2001-09-26,49.353677,49.353677,49.353677,49.353677,1,49.353677
2001-09-25,49.280622,49.280622,49.280622,49.280622,1,49.280622
2001-09-24,49.196940,49.196940,49.196940,49.196940,1,49.196940
2001-09-21,49.102955,49.102955,49.102955,49.102955,1,49.102955
2001-09-20,48.999028,48.999028,48.999028,48.999028,1,48.999028
2001-09-19,48.885561,48.885561,48.885561,48.885561,1,48.885561
2001-09-18,48.762991,48.762991,48.762991,48.762991,1,48.762991
2001-09-17,48.631791,48.631791,48.631791,48.631791,1,48.631791
2001-09-10,48.492468,48.492468,48.492468,48.492468,1,48.492468
2001-09-07,48.345560,48.345560,48.345560,48.345560,1,48.345560
2001-09-06,48.191632,48.191632,48.191632,48.191632,1,48.191632
2001-09-05,48.031278,48.031278,48.031278,48.031278,1,48.031278
2001-09-04,47.865118,47.865118,47.865118,47.865118,1,47.865118
2001-08-31,47.693793,47.693793,47.693793,47.693793,1,47.693793
2001-08-30,47.517962,47.517962,47.517962,47.517962,1,47.517962
2001-08-29,47.338306,47.338306,47.338306,47.338306,1,47.338306
2001-08-28,47.155516,47.155516,47.155516,47.155516,1,47.155516
2001-08-27,46.970298,46.970298,46.970298,46.970298,1,46.970298
2001-08-24,46.783367,46.783367,46.783367,46.783367,1,46.783367
2001-08-23,46.595444,46.595444,46.595444,46.595444,1,46.595444
2001-08-22,46.407254,46.407254,46.407254,46.407254,1,46.407254
2001-08-21,46.219523,46.219523,46.219523,46.219523,1,46.219523
2001-08-20,46.032974,46.032974,46.032974,46.032974,1,46.032974
2001-08-17,45.848329,45.848329,45.848329,45.848329,1,45.848329
2001-08-16,45.666299,45.666299,45.666299,45.666299,1,45.666299
2001-08-15,45.487587,45.487587,45.487587,45.487587,1,45.487587
2001-08-14,45.312881,45.312881,45.312881,45.312881,1,45.312881
2001-08-13,45.142857,45.142857,45.142857,45.142857,1,45.142857
2001-08-10,44.978169,44.978169,44.978169,44.978169,1,44.978169
2001-08-09,44.819455,44.819455,44.819455,44.819455,1,44.819455
2001-08-08,44.667324,44.667324,44.667324,44.667324,1,44.667324
2001-08-07,44.522366,44.522366,44.522366,44.522366,1,44.522366
2001-08-06,44.385138,44.385138,44.385138,44.385138,1,44.385138
2001-08-03,44.256171,44.256171,44.256171,44.256171,1,44.256171
2001-08-02,44.135961,44.135961,44.135961,44.135961,1,44.135961
2001-08-01,44.024974,44.024974,44.024974,44.024974,1,44.024974
2001-07-31,43.923636,43.923636,43.923636,43.923636,1,43.923636
2001-07-30,43.832339,43.832339,43.832339,43.832339,1,43.832339
2001-07-27,43.751435,43.751435,43.751435,43.751435,1,43.751435
2001-07-26,43.681236,43.681236,43.681236,43.681236,1,43.681236
2001-07-25,43.622013,43.622013,43.622013,43.622013,1,43.622013
2001-07-24,43.573995,43.573995,43.573995,43.573995,1,43.573995
2001-07-23,43.537367,43.537367,43.537367,43.537367,1,43.537367
2001-07-20,43.512269,43.512269,43.512269,43.512269,1,43.512269
2001-07-19,43.498800,43.498800,43.498800,43.498800,1,43.498800
2001-07-18,43.497011,43.497011,43.497011,43.497011,1,43.497011
2001-07-17,43.506908,43.506908,43.506908,43.506908,1,43.506908
2001-07-16,43.528454,43.528454,43.528454,43.528454,1,43.528454
2001-07-13,43.561565,43.561565,43.561565,43.561565,1,43.561565
2001-07-12,43.606114,43.606114,43.606114,43.606114,1,43.606114
2001-07-11,43.661929,43.661929,43.661929,43.661929,1,43.661929
2001-07-10,43.728795,43.728795,43.728795,43.728795,1,43.728795
2001-07-09,43.806453,43.806453,43.806453,43.806453,1,43.806453
2001-07-06,43.894604,43.894604,43.894604,43.894604,1,43.894604
2001-07-05,43.992908,43.992908,43.992908,43.992908,1,43.992908
2001-07-03,44.100985,44.100985,44.100985,44.100985,1,44.100985
2001-07-02,44.218419,44.218419,44.218419,44.218419,1,44.218419
2001-06-29,44.344757,44.344757,44.344757,44.344757,1,44.344757
2001-06-28,44.479511,44.479511,44.479511,44.479511,1,44.479511
2001-06-27,44.622161,44.622161,44.622161,44.622161,1,44.622161
2001-06-26,44.772156,44.772156,44.772156,44.772156,1,44.772156
2001-06-25,44.928920,44.928920,44.928920,44.928920,1,44.928920
2001-06-22,45.091845,45.091845,45.091845,45.091845,1,45.091845
2001-06-21,45.260304,45.260304,45.260304,45.260304,1,45.260304
2001-06-20,45.433648,45.433648,45.433648,45.433648,1,45.433648
2001-06-19,45.611206,45.611206,45.611206,45.611206,1,45.611206
2001-06-18,45.792294,45.792294,45.792294,45.792294,1,45.792294
2001-06-15,45.976214,45.976214,45.976214,45.976214,1,45.976214
2001-06-14,46.162256,46.162256,46.162256,46.162256,1,46.162256
2001-06-13,46.349702,46.349702,46.349702,46.349702,1,46.349702
2001-06-12,46.537829,46.537829,46.537829,46.537829,1,46.537829
2001-06-11,46.725911,46.725911,46.725911,46.725911,1,46.725911
2001-06-08,46.913223,46.913223,46.913223,46.913223,1,46.913223
2001-06-07,47.099041,47.099041,47.099041,47.099041,1,47.099041
2001-06-06,47.282649,47.282649,47.282649,47.282649,1,47.282649
2001-06-05,47.463339,47.463339,47.463339,47.463339,1,47.463339
2001-06-04,47.640414,47.640414,47.640414,47.640414,1,47.640414
2001-06-01,47.813189,47.813189,47.813189,47.813189,1,47.813189
2001-05-31,47.981000,47.981000,47.981000,47.981000,1,47.981000
2001-05-30,48.143197,48.143197,48.143197,48.143197,1,48.143197
2001-05-29,48.299157,48.299157,48.299157,48.299157,1,48.299157
2001-05-25,48.448276,48.448276,48.448276,48.448276,1,48.448276
2001-05-24,48.589979,48.589979,48.589979,48.589979,1,48.589979
2001-05-23,48.723721,48.723721,48.723721,48.723721,1,48.723721
2001-05-22,48.848984,48.848984,48.848984,48.848984,1,48.848984
2001-05-21,48.965286,48.965286,48.965286,48.965286,1,48.965286
2001-05-18,49.072178,49.072178,49.072178,49.072178,1,49.072178
2001-05-17,49.169247,49.169247,49.169247,49.169247,1,49.169247
2001-05-16,49.256119,49.256119,49.256119,49.256119,1,49.256119
2001-05-15,49.332459,49.332459,49.332459,49.332459,1,49.332459
2001-05-14,49.397973,49.397973,49.397973,49.397973,1,49.397973
2001-05-11,49.452407,49.452407,49.452407,49.452407,1,49.452407
2001-05-10,49.495551,49.495551,49.495551,49.495551,1,49.495551
2001-05-09,49.527240,49.527240,49.527240,49.527240,1,49.527240
2001-05-08,49.547350,49.547350,49.547350,49.547350,1,49.547350
2001-05-07,49.555804,49.555804,49.555804,49.555804,1,49.555804
2001-05-04,49.552571,49.552571,49.552571,49.552571,1,49.552571
2001-05-03,49.537661,49.537661,49.537661,49.537661,1,49.537661
2001-05-02,49.511133,49.511133,49.511133,49.511133,1,49.511133
2001-05-01,49.473089,49.473089,49.473089,49.473089,1,49.473089
2001-04-30,49.423675,49.423675,49.423675,49.423675,1,49.423675
2001-04-27,49.363083,49.363083,49.363083,49.363083,1,49.363083
2001-04-26,49.291546,49.291546,49.291546,49.291546,1,49.291546
2001-04-25,49.209341,49.209341,49.209341,49.209341,1,49.209341
2001-04-24,49.116783,49.116783,49.116783,49.116783,1,49.116783
2001-04-23,49.014231,49.014231,49.014231,49.014231,1,49.014231
2001-04-20,48.902080,48.902080,48.902080,48.902080,1,48.902080
2001-04-19,48.780763,48.780763,48.780763,48.780763,1,48.780763
2001-04-18,48.650748,48.650748,48.650748,48.650748,1,48.650748
2001-04-17,48.512535,48.512535,48.512535,48.512535,1,48.512535
2001-04-16,48.366660,48.366660,48.366660,48.366660,1,48.366660
2001-04-12,48.213684,48.213684,48.213684,48.213684,1,48.213684
2001-04-11,48.054197,48.054197,48.054197,48.054197,1,48.054197
2001-04-10,47.888816,47.888816,47.888816,47.888816,1,47.888816
2001-04-09,47.718177,47.718177,47.718177,47.718177,1,47.718177
2001-04-06,47.542940,47.542940,47.542940,47.542940,1,47.542940
2001-04-05,47.363780,47.363780,47.363780,47.363780,1,47.363780
2001-04-04,47.181389,47.181389,47.181389,47.181389,1,47.181389
2001-04-03,46.996469,46.996469,46.996469,46.996469,1,46.996469
2001-04-02,46.809736,46.809736,46.809736,46.809736,1,46.809736
2001-03-30,46.621909,46.621909,46.621909,46.621909,1,46.621909
2001-03-29,46.433712,46.433712,46.433712,46.433712,1,46.433712
2001-03-28,46.245872,46.245872,46.245872,46.245872,1,46.245872
2001-03-27,46.059114,46.059114,46.059114,46.059114,1,46.059114
2001-03-26,45.874158,45.874158,45.874158,45.874158,1,45.874158
2001-03-23,45.691717,45.691717,45.691717,45.691717,1,45.691717
2001-03-22,45.512496,45.512496,45.512496,45.512496,1,45.512496
2001-03-21,45.337186,45.337186,45.337186,45.337186,1,45.337186
2001-03-20,45.166463,45.166463,45.166463,45.166463,1,45.166463
2001-03-19,45.000986,45.000986,45.000986,45.000986,1,45.000986
2001-03-16,44.841394,44.841394,44.841394,44.841394,1,44.841394
2001-03-15,44.688301,44.688301,44.688301,44.688301,1,44.688301
2001-03-14,44.542300,44.542300,44.542300,44.542300,1,44.542300
2001-03-13,44.403952,44.403952,44.403952,44.403952,1,44.403952
2001-03-12,44.273792,44.273792,44.273792,44.273792,1,44.273792
2001-03-09,44.152322,44.152322,44.152322,44.152322,1,44.152322
2001-03-08,44.040010,44.040010,44.040010,44.040010,1,44.040010
2001-03-07,43.937291,43.937291,43.937291,43.937291,1,43.937291
2001-03-06,43.844559,43.844559,43.844559,43.844559,1,43.844559
2001-03-05,43.762174,43.762174,43.762174,43.762174,1,43.762174
2001-03-02,43.690452,43.690452,43.690452,43.690452,1,43.690452
2001-03-01,43.629671,43.629671,43.629671,43.629671,1,43.629671
2001-02-28,43.580064,43.580064,43.580064,43.580064,1,43.580064
2001-02-27,43.541824,43.541824,43.541824,43.541824,1,43.541824
2001-02-26,43.515098,43.515098,43.515098,43.515098,1,43.515098
2001-02-23,43.499989,43.499989,43.499989,43.499989,1,43.499989
2001-02-22,43.496556,43.496556,43.496556,43.496556,1,43.496556
2001-02-21,43.504810,43.504810,43.504810,43.504810,1,43.504810
2001-02-20,43.524722,43.524722,43.524722,43.524722,1,43.524722
2001-02-16,43.556213,43.556213,43.556213,43.556213,1,43.556213
2001-02-15,43.599163,43.599163,43.599163,43.599163,1,43.599163
2001-02-14,43.653406,43.653406,43.653406,43.653406,1,43.653406
2001-02-13,43.718731,43.718731,43.718731,43.718731,1,43.718731
2001-02-12,43.794889,43.794889,43.794889,43.794889,1,43.794889
2001-02-09,43.881583,43.881583,43.881583,43.881583,1,43.881583
2001-02-08,43.978481,43.978481,43.978481,43.978481,1,43.978481
2001-02-07,44.085208,44.085208,44.085208,44.085208,1,44.085208
2001-02-06,44.201353,44.201353,44.201353,44.201353,1,44.201353
2001-02-05,44.326467,44.326467,44.326467,44.326467,1,44.326467
2001-02-02,44.460068,44.460068,44.460068,44.460068,1,44.460068
2001-02-01,44.601640,44.601640,44.601640,44.601640,1,44.601640
2001-01-31,44.750637,44.750637,44.750637,44.750637,1,44.750637
2001-01-30,44.906484,44.906484,44.906484,44.906484,1,44.906484
2001-01-29,45.068580,45.068580,45.068580,45.068580,1,45.068580
2001-01-26,45.236300,45.236300,45.236300,45.236300,1,45.236300
2001-01-25,45.408996,45.408996,45.408996,45.408996,1,45.408996
2001-01-24,45.586003,45.586003,45.586003,45.586003,1,45.586003
2001-01-23,45.766637,45.766637,45.766637,45.766637,1,45.766637
2001-01-22,45.950201,45.950201,45.950201,45.950201,1,45.950201
2001-01-19,46.135988,46.135988,46.135988,46.135988,1,46.135988
2001-01-18,46.323280,46.323280,46.323280,46.323280,1,46.323280
2001-01-17,46.511355,46.511355,46.511355,46.511355,1,46.511355
2001-01-16,46.699487,46.699487,46.699487,46.699487,1,46.699487
2001-01-12,46.886951,46.886951,46.886951,46.886951,1,46.886951
2001-01-11,47.073023,47.073023,47.073023,47.073023,1,47.073023
2001-01-10,47.256985,47.256985,47.256985,47.256985,1,47.256985
2001-01-09,47.438128,47.438128,47.438128,47.438128,1,47.438128
2001-01-08,47.615752,47.615752,47.615752,47.615752,1,47.615752
2001-01-05,47.789173,47.789173,47.789173,47.789173,1,47.789173
2001-01-04,47.957722,47.957722,47.957722,47.957722,1,47.957722
2001-01-03,48.120747,48.120747,48.120747,48.120747,1,48.120747
2001-01-02,48.277621,48.277621,48.277621,48.277621,1,48.277621
2000-12-29,48.427737,48.427737,48.427737,48.427737,1,48.427737
2000-12-28,48.570518,48.570518,48.570518,48.570518,1,48.570518
2000-12-27,48.705411,48.705411,48.705411,48.705411,1,48.705411
2000-12-26,48.831897,48.831897,48.831897,48.831897,1,48.831897
2000-12-22,48.949487,48.949487,48.949487,48.949487,1,48.949487
2000-12-21,49.057728,49.057728,49.057728,49.057728,1,49.057728
2000-12-20,49.156202,49.156202,49.156202,49.156202,1,49.156202
2000-12-19,49.244530,49.244530,49.244530,49.244530,1,49.244530
2000-12-18,49.322370,49.322370,49.322370,49.322370,1,49.322370
2000-12-15,49.389422,49.389422,49.389422,49.389422,1,49.389422
2000-12-14,49.445428,49.445428,49.445428,49.445428,1,49.445428
2000-12-13,49.490172,49.490172,49.490172,49.490172,1,49.490172
2000-12-12,49.523480,49.523480,49.523480,49.523480,1,49.523480
2000-12-11,49.545224,49.545224,49.545224,49.545224,1,49.545224
2000-12-08,49.555321,49.555321,49.555321,49.555321,1,49.555321
2000-12-07,49.553732,49.553732,49.553732,49.553732,1,49.553732
2000-12-06,49.540462,49.540462,49.540462,49.540462,1,49.540462
2000-12-05,49.515563,49.515563,49.515563,49.515563,1,49.515563
2000-12-04,49.479131,49.479131,49.479131,49.479131,1,49.479131
2000-12-01,49.431306,49.431306,49.431306,49.431306,1,49.431306
2000-11-30,49.372273,49.372273,49.372273,49.372273,1,49.372273
2000-11-29,49.302260,49.302260,49.302260,49.302260,1,49.302260
2000-11-28,49.221536,49.221536,49.221536,49.221536,1,49.221536
2000-11-27,49.130414,49.130414,49.130414,49.130414,1,49.130414
2000-11-24,49.029245,49.029245,49.029245,49.029245,1,49.029245
2000-11-22,48.918419,48.918419,48.918419,48.918419,1,48.918419
2000-11-21,48.798363,48.798363,48.798363,48.798363,1,48.798363
2000-11-20,48.669542,48.669542,48.669542,48.669542,1,48.669542
2000-11-17,48.532451,48.532451,48.532451,48.532451,1,48.532451
2000-11-16,48.387620,48.387620,48.387620,48.387620,1,48.387620
2000-11-15,48.235607,48.235607,48.235607,48.235607,1,48.235607
2000-11-14,48.077000,48.077000,48.077000,48.077000,1,48.077000
2000-11-13,47.912410,47.912410,47.912410,47.912410,1,47.912410
2000-11-10,47.742471,47.742471,47.742471,47.742471,1,47.742471
2000-11-09,47.567840,47.567840,47.567840,47.567840,1,47.567840
2000-11-08,47.389190,47.389190,47.389190,47.389190,1,47.389190
2000-11-07,47.207211,47.207211,47.207211,47.207211,1,47.207211
2000-11-06,47.022605,47.022605,47.022605,47.022605,1,47.022605
2000-11-03,46.836083,46.836083,46.836083,46.836083,1,46.836083
2000-11-02,46.648366,46.648366,46.648366,46.648366,1,46.648366
2000-11-01,46.460177,46.460177,46.460177,46.460177,1,46.460177
2000-10-31,46.272243,46.272243,46.272243,46.272243,1,46.272243
2000-10-30,46.085289,46.085289,46.085289,46.085289,1,46.085289
2000-10-27,45.900036,45.900036,45.900036,45.900036,1,45.900036
2000-10-26,45.717199,45.717199,45.717199,45.717199,1,45.717199
2000-10-25,45.537483,45.537483,45.537483,45.537483,1,45.537483
2000-10-24,45.361582,45.361582,45.361582,45.361582,1,45.361582
2000-10-23,45.190173,45.190173,45.190173,45.190173,1,45.190173
2000-10-20,45.023920,45.023920,45.023920,45.023920,1,45.023920
2000-10-19,44.863462,44.863462,44.863462,44.863462,1,44.863462
2000-10-18,44.709419,44.709419,44.709419,44.709419,1,44.709419
2000-10-17,44.562385,44.562385,44.562385,44.562385,1,44.562385
2000-10-16,44.422928,44.422928,44.422928,44.422928,1,44.422928
2000-10-13,44.291585,44.291585,44.291585,44.291585,1,44.291585
2000-10-12,44.168864,44.168864,44.168864,44.168864,1,44.168864
2000-10-11,44.055237,44.055237,44.055237,44.055237,1,44.055237
2000-10-10,43.951143,43.951143,43.951143,43.951143,1,43.951143
2000-10-09,43.856985,43.856985,43.856985,43.856985,1,43.856985
2000-10-06,43.773124,43.773124,43.773124,43.773124,1,43.773124
2000-10-05,43.699884,43.699884,43.699884,43.699884,1,43.699884
2000-10-04,43.637549,43.637549,43.637549,43.637549,1,43.637549
2000-10-03,43.586359,43.586359,43.586359,43.586359,1,43.586359
2000-10-02,43.546510,43.546510,43.546510,43.546510,1,43.546510
2000-09-29,43.518157,43.518157,43.518157,43.518157,1,43.518157
2000-09-28,43.501410,43.501410,43.501410,43.501410,1,43.501410
2000-09-27,43.496332,43.496332,43.496332,43.496332,1,43.496332
2000-09-26,43.502944,43.502944,43.502944,43.502944,1,43.502944
2000-09-25,43.521219,43.521219,43.521219,43.521219,1,43.521219
2000-09-22,43.551088,43.551088,43.551088,43.551088,1,43.551088
2000-09-21,43.592435,43.592435,43.592435,43.592435,1,43.592435
2000-09-20,43.645101,43.645101,43.645101,43.645101,1,43.645101
2000-09-19,43.708882,43.708882,43.708882,43.708882,1,43.708882
2000-09-18,43.783533,43.783533,43.783533,43.783533,1,43.783533
2000-09-15,43.868765,43.868765,43.868765,43.868765,1,43.868765
2000-09-14,43.964250,43.964250,43.964250,43.964250,1,43.964250
2000-09-13,44.069618,44.069618,44.069618,44.069618,1,44.069618
2000-09-12,44.184465,44.184465,44.184465,44.184465,1,44.184465
2000-09-11,44.308345,44.308345,44.308345,44.308345,1,44.308345
2000-09-08,44.440783,44.440783,44.440783,44.440783,1,44.440783
2000-09-07,44.581266,44.581266,44.581266,44.581266,1,44.581266
2000-09-06,44.729253,44.729253,44.729253,44.729253,1,44.729253
2000-09-05,44.884172,44.884172,44.884172,44.884172,1,44.884172
2000-09-01,45.045427,45.045427,45.045427,45.045427,1,45.045427
2000-08-31,45.212394,45.212394,45.212394,45.212394,1,45.212394
2000-08-30,45.384431,45.384431,45.384431,45.384431,1,45.384431
2000-08-29,45.560872,45.560872,45.560872,45.560872,1,45.560872
2000-08-28,45.741037,45.741037,45.741037,45.741037,1,45.741037
2000-08-25,45.924232,45.924232,45.924232,45.924232,1,45.924232
2000-08-24,46.109749,46.109749,46.109749,46.109749,1,46.109749
2000-08-23,46.296873,46.296873,46.296873,46.296873,1,46.296873
2000-08-22,46.484882,46.484882,46.484882,46.484882,1,46.484882
2000-08-21,46.673050,46.673050,46.673050,46.673050,1,46.673050
2000-08-18,46.860651,46.860651,46.860651,46.860651,1,46.860651
2000-08-17,47.046962,47.046962,47.046962,47.046962,1,47.046962
2000-08-16,47.231265,47.231265,47.231265,47.231265,1,47.231265
2000-08-15,47.412846,47.412846,47.412846,47.412846,1,47.412846
2000-08-14,47.591008,47.591008,47.591008,47.591008,1,47.591008
2000-08-11,47.765061,47.765061,47.765061,47.765061,1,47.765061
2000-08-10,47.934334,47.934334,47.934334,47.934334,1,47.934334
2000-08-09,48.098175,48.098175,48.098175,48.098175,1,48.098175
2000-08-08,48.255951,48.255951,48.255951,48.255951,1,48.255951
2000-08-07,48.407054,48.407054,48.407054,48.407054,1,48.407054
2000-08-04,48.550900,48.550900,48.550900,48.550900,1,48.550900
2000-08-03,48.686935,48.686935,48.686935,48.686935,1,48.686935
2000-08-02,48.814633,48.814633,48.814633,48.814633,1,48.814633
2000-08-01,48.933503,48.933503,48.933503,48.933503,1,48.933503
2000-07-31,49.043085,49.043085,49.043085,49.043085,1,49.043085
2000-07-28,49.142957,49.142957,49.142957,49.142957,1,49.142957
2000-07-27,49.232733,49.232733,49.232733,49.232733,1,49.232733
2000-07-26,49.312067,49.312067,49.312067,49.312067,1,49.312067
2000-07-25,49.380654,49.380654,49.380654,49.380654,1,49.380654
2000-07-24,49.438227,49.438227,49.438227,49.438227,1,49.438227
2000-07-21,49.484566,49.484566,49.484566,49.484566,1,49.484566
2000-07-20,49.519491,49.519491,49.519491,49.519491,1,49.519491
2000-07-19,49.542868,49.542868,49.542868,49.542868,1,49.542868
2000-07-18,49.554607,49.554607,49.554607,49.554607,1,49.554607
2000-07-17,49.554662,49.554662,49.554662,49.554662,1,49.554662
2000-07-14,49.543033,49.543033,49.543033,49.543033,1,49.543033
2000-07-13,49.519765,49.519765,49.519765,49.519765,1,49.519765
2000-07-12,49.484947,49.484947,49.484947,49.484947,1,49.484947
2000-07-11,49.438714,49.438714,49.438714,49.438714,1,49.438714
2000-07-10,49.381245,49.381245,49.381245,49.381245,1,49.381245
2000-07-07,49.312761,49.312761,49.312761,49.312761,1,49.312761
2000-07-06,49.233526,49.233526,49.233526,49.233526,1,49.233526
2000-07-05,49.143846,49.143846,49.143846,49.143846,1,49.143846
2000-07-03,49.044067,49.044067,49.044067,49.044067,1,49.044067
2000-06-30,48.934575,48.934575,48.934575,48.934575,1,48.934575
2000-06-29,48.815790,48.815790,48.815790,48.815790,1,48.815790
2000-06-28,48.688172,48.688172,48.688172,48.688172,1,48.688172
2000-06-27,48.552213,48.552213,48.552213,48.552213,1,48.552213
2000-06-26,48.408438,48.408438,48.408438,48.408438,1,48.408438
2000-06-23,48.257400,48.257400,48.257400,48.257400,1,48.257400
2000-06-22,48.099684,48.099684,48.099684,48.099684,1,48.099684
2000-06-21,47.935897,47.935897,47.935897,47.935897,1,47.935897
2000-06-20,47.766672,47.766672,47.766672,47.766672,1,47.766672
2000-06-19,47.592661,47.592661,47.592661,47.592661,1,47.592661
2000-06-16,47.414535,47.414535,47.414535,47.414535,1,47.414535
2000-06-15,47.232982,47.232982,47.232982,47.232982,1,47.232982
2000-06-14,47.048702,47.048702,47.048702,47.048702,1,47.048702
2000-06-13,46.862406,46.862406,46.862406,46.862406,1,46.862406
2000-06-12,46.674813,46.674813,46.674813,46.674813,1,46.674813
2000-06-09,46.486647,46.486647,46.486647,46.486647,1,46.486647
2000-06-08,46.298634,46.298634,46.298634,46.298634,1,46.298634
2000-06-07,46.111498,46.111498,46.111498,46.111498,1,46.111498
2000-06-06,45.925963,45.925963,45.925963,45.925963,1,45.925963
2000-06-05,45.742743,45.742743,45.742743,45.742743,1,45.742743
2000-06-02,45.562546,45.562546,45.562546,45.562546,1,45.562546
2000-06-01,45.386066,45.386066,45.386066,45.386066,1,45.386066
2000-05-31,45.213986,45.213986,45.213986,45.213986,1,45.213986
2000-05-30,45.046968,45.046968,45.046968,45.046968,1,45.046968
2000-05-26,44.885657,44.885657,44.885657,44.885657,1,44.885657
2000-05-25,44.730675,44.730675,44.730675,44.730675,1,44.730675
2000-05-24,44.582620,44.582620,44.582620,44.582620,1,44.582620
2000-05-23,44.442064,44.442064,44.442064,44.442064,1,44.442064
2000-05-22,44.309549,44.309549,44.309549,44.309549,1,44.309549
2000-05-19,44.185585,44.185585,44.185585,44.185585,1,44.185585
2000-05-18,44.070652,44.070652,44.070652,44.070652,1,44.070652
2000-05-17,43.965193,43.965193,43.965193,43.965193,1,43.965193
2000-05-16,43.869614,43.869614,43.869614,43.869614,1,43.869614
2000-05-15,43.784284,43.784284,43.784284,43.784284,1,43.784284
2000-05-12,43.709533,43.709533,43.709533,43.709533,1,43.709533
2000-05-11,43.645648,43.645648,43.645648,43.645648,1,43.645648
2000-05-10,43.592877,43.592877,43.592877,43.592877,1,43.592877
2000-05-09,43.551423,43.551423,43.551423,43.551423,1,43.551423
2000-05-08,43.521446,43.521446,43.521446,43.521446,1,43.521446
2000-05-05,43.503061,43.503061,43.503061,43.503061,1,43.503061
2000-05-04,43.496340,43.496340,43.496340,43.496340,1,43.496340
2000-05-03,43.501308,43.501308,43.501308,43.501308,1,43.501308
2000-05-02,43.517946,43.517946,43.517946,43.517946,1,43.517946
2000-05-01,43.546190,43.546190,43.546190,43.546190,1,43.546190
2000-04-28,43.585932,43.585932,43.585932,43.585932,1,43.585932
2000-04-27,43.637017,43.637017,43.637017,43.637017,1,43.637017
2000-04-26,43.699249,43.699249,43.699249,43.699249,1,43.699249
2000-04-25,43.772387,43.772387,43.772387,43.772387,1,43.772387
2000-04-24,43.856150,43.856150,43.856150,43.856150,1,43.856150
2000-04-20,43.950213,43.950213,43.950213,43.950213,1,43.950213
2000-04-19,44.054215,44.054215,44.054215,44.054215,1,44.054215
2000-04-18,44.167755,44.167755,44.167755,44.167755,1,44.167755
2000-04-17,44.290393,44.290393,44.290393,44.290393,1,44.290393
2000-04-14,44.421657,44.421657,44.421657,44.421657,1,44.421657
2000-04-13,44.561041,44.561041,44.561041,44.561041,1,44.561041
2000-04-12,44.708006,44.708006,44.708006,44.708006,1,44.708006
2000-04-11,44.861986,44.861986,44.861986,44.861986,1,44.861986
2000-04-10,45.022386,45.022386,45.022386,45.022386,1,45.022386
2000-04-07,45.188589,45.188589,45.188589,45.188589,1,45.188589
2000-04-06,45.359952,45.359952,45.359952,45.359952,1,45.359952
2000-04-05,45.535814,45.535814,45.535814,45.535814,1,45.535814
2000-04-04,45.715498,45.715498,45.715498,45.715498,1,45.715498
2000-04-03,45.898309,45.898309,45.898309,45.898309,1,45.898309
2000-03-31,46.083542,46.083542,46.083542,46.083542,1,46.083542
2000-03-30,46.270484,46.270484,46.270484,46.270484,1,46.270484
2000-03-29,46.458412,46.458412,46.458412,46.458412,1,46.458412
2000-03-28,46.646601,46.646601,46.646601,46.646601,1,46.646601
2000-03-27,46.834326,46.834326,46.834326,46.834326,1,46.834326
2000-03-24,47.020863,47.020863,47.020863,47.020863,1,47.020863
2000-03-23,47.205490,47.205490,47.205490,47.205490,1,47.205490
2000-03-22,47.387498,47.387498,47.387498,47.387498,1,47.387498
2000-03-21,47.566182,47.566182,47.566182,47.566182,1,47.566182
2000-03-20,47.740854,47.740854,47.740854,47.740854,1,47.740854
2000-03-17,47.910839,47.910839,47.910839,47.910839,1,47.910839
2000-03-16,48.075483,48.075483,48.075483,48.075483,1,48.075483
2000-03-15,48.234149,48.234149,48.234149,48.234149,1,48.234149
2000-03-14,48.386226,48.386226,48.386226,48.386226,1,48.386226
2000-03-13,48.531127,48.531127,48.531127,48.531127,1,48.531127
2000-03-10,48.668293,48.668293,48.668293,48.668293,1,48.668293
2000-03-09,48.797195,48.797195,48.797195,48.797195,1,48.797195
2000-03-08,48.917335,48.917335,48.917335,48.917335,1,48.917335
2000-03-07,49.028249,49.028249,49.028249,49.028249,1,49.028249
2000-03-06,49.129511,49.129511,49.129511,49.129511,1,49.129511
2000-03-03,49.220729,49.220729,49.220729,49.220729,1,49.220729
2000-03-02,49.301552,49.301552,49.301552,49.301552,1,49.301552
2000-03-01,49.371667,49.371667,49.371667,49.371667,1,49.371667
2000-02-29,49.430804,49.430804,49.430804,49.430804,1,49.430804
2000-02-28,49.478735,49.478735,49.478735,49.478735,1,49.478735
2000-02-25,49.515274,49.515274,49.515274,49.515274,1,49.515274
2000-02-24,49.540282,49.540282,49.540282,49.540282,1,49.540282
2000-02-23,49.553662,49.553662,49.553662,49.553662,1,49.553662
2000-02-22,49.555361,49.555361,49.555361,49.555361,1,49.555361
2000-02-18,49.545373,49.545373,49.545373,49.545373,1,49.545373
2000-02-17,49.523738,49.523738,49.523738,49.523738,1,49.523738
2000-02-16,49.490538,49.490538,49.490538,49.490538,1,49.490538
2000-02-15,49.445901,49.445901,49.445901,49.445901,1,49.445901
2000-02-14,49.390000,49.390000,49.390000,49.390000,1,49.390000
2000-02-11,49.323050,49.323050,49.323050,49.323050,1,49.323050
2000-02-10,49.245309,49.245309,49.245309,49.245309,1,49.245309
2000-02-09,49.157079,49.157079,49.157079,49.157079,1,49.157079
2000-02-08,49.058698,49.058698,49.058698,49.058698,1,49.058698
2000-02-07,48.950546,48.950546,48.950546,48.950546,1,48.950546
2000-02-04,48.833042,48.833042,48.833042,48.833042,1,48.833042
2000-02-03,48.706637,48.706637,48.706637,48.706637,1,48.706637
2000-02-02,48.571821,48.571821,48.571821,48.571821,1,48.571821
2000-02-01,48.429112,48.429112,48.429112,48.429112,1,48.429112
